680 1 -6365 40 40 40
81          -299328.47999091161      
80          -294726.90412108245      
79          -289053.68812310533      
80          -296924.50161833741      
75          -260182.94614440869      
77          -277781.87953634781      
77          -273644.31474817527      
79          -281908.05827430991      
75          -249602.61610216208      
67          -211383.3877460068       
64          -187170.58560596078      
57          -151361.47874722438      
59          -157355.84387550887      
57          -152040.97190749957      
57          -155448.11322625287      
64          -187605.2549049228       
66          -200664.39575186471      
68          -212380.16757671253      
67          -216674.0725000586       
58          -176651.62977669181      
60          -181808.85217181884      
66          -213935.42524640882      
62          -189581.26451088703      
59          -174337.1082464628       
57          -162435.03262020985      
57          -171044.40946388867      
55          -161528.48863755967      
55          -150833.93472220789      
52          -142906.63942590356      
45          -97935.772113534971      
54          -142160.45665013741      
66          -194497.04716891338      
56          -153866.71606471686      
57          -144293.22161799218      
59          -163539.99547659143      
68          -203013.59540902457      
74          -236760.7453771288       
73          -228679.92457182019      
66          -191927.64890012151      
67          -211287.42549151188      
73          -241774.10764262255      
73          -242452.00603225926      
74          -247569.65913625914      
75          -255867.43226883034      
74          -250109.54578939328      
73          -252551.22021138502      
79          -288106.14041862753      
80          -295268.70441990945      
78          -280900.72470884165      
80          -295290.82185433182      
78          -287695.53519062215      
82          -317872.22695767996      
78          -290182.37757903815      
75          -269370.33156490407      
73          -263482.47322240123      
72          -253629.51833419083      
76          -270497.42411482066      
79          -287169.09833562392      
74          -253257.93075565994      
71          -234789.82326544961      
70          -220558.627651966        
69          -224156.96787052159      
74          -262530.8706229435       
76          -268372.80520581757      
80          -294405.97184642951      
78          -286559.95996842784      
78          -278891.26303758839      
79          -284804.81186739646      
77          -275460.30970952741      
78          -282792.74581402773      
79          -290261.92533173534      
75          -259979.09807995672      
76          -265866.02923495637      
77          -271204.19948841038      
74          -261072.01379353073      
77          -285538.04975733126      
81          -308849.47222105216      
80          -295498.19824337756      
77          -278557.87418921525      
80          -296097.22424007946      
83          -325781.89833414956      
81          -312618.85598761833      
86          -346674.07771315321      
86          -341869.41343430581      
85          -339685.22755525669      
85          -342936.26801883325      
86          -348218.07836616877      
84          -339447.10447744996      
85          -346075.67313723615      
84          -338581.14641799993      
79          -304518.20932660491      
78          -300179.04170997941      
79          -291160.72907354287      
76          -273398.4424580987       
79          -290437.79001155437      
80          -298704.27712905128      
80          -300955.18124114367      
78          -282206.956256815        
77          -282885.78871545498      
77          -278848.64534274949      
79          -292626.04242156085      
85          -340716.62294170418      
85          -339445.71729152411      
85          -337643.56317083829      
81          -313990.09754515858      
76          -270952.35953094938      
83          -312012.09144629922      
82          -306417.66312103375      
83          -312057.4755105818       
76          -276049.57917583681      
70          -228201.82444169166      
74          -252533.46039798771      
74          -252257.86319334383      
76          -260529.2343646005       
75          -262852.4951683809       
80          -295515.28115213616      
86          -345566.26619893283      
85          -331935.7290466121       
82          -313038.27911393595      
79          -298604.48709306965      
76          -280868.01434346987      
75          -270517.31646407902      
78          -285024.65892099123      
75          -261106.93563725642      
75          -267539.92237523512      
71          -250180.10309063675      
72          -249844.06787576666      
79          -293740.39071152417      
75          -273053.21958438092      
70          -253075.83441915389      
71          -241921.07020066399      
66          -223477.74695046985      
63          -208042.86128890642      
61          -184290.31840605708      
55          -151182.73806745975      
61          -184343.48203731753      
69          -222108.01226191848      
74          -250013.30140458207      
74          -248728.76766081247      
73          -254186.96100103715      
76          -268141.87609930779      
78          -276211.53550089727      
77          -268707.27944081841      
73          -250028.52616645175      
76          -266939.19582663337      
77          -280794.63401590619      
79          -290482.8278176263       
79          -292836.59836211504      
75          -270329.94825821661      
73          -262910.24569885939      
77          -280686.56487895531      
80          -297011.09133050742      
80          -299397.89841445675      
72          -239492.5502231131       
76          -259316.69057956903      
73          -249133.52400571294      
75          -246996.00579759968      
73          -239472.81511836196      
76          -267067.91462797456      
72          -238245.27329846413      
73          -240924.68551948114      
72          -232749.47259507468      
67          -210558.625520514        
66          -198042.76232115441      
72          -228282.43289032177      
68          -198495.9304509176       
64          -189886.95438140366      
60          -178019.2722452415       
67          -204496.39987609861      
67          -205780.82446760335      
72          -239721.79784923527      
72          -238379.97142792004      
72          -239319.12234618788      
79          -280733.11814640206      
77          -269140.23311180988      
78          -278995.73075903638      
76          -263437.29687066405      
70          -236906.1291994364       
76          -277325.5230548167       
79          -282941.75878576917      
82          -309326.59711600054      
77          -281994.52251755394      
81          -304345.86558733153      
84          -317076.74638512789      
81          -296994.95563859021      
77          -270278.26952444552      
80          -285835.85398116795      
77          -277348.909826199        
82          -302399.85344202397      
80          -290842.40549243905      
80          -289764.60489517602      
76          -273093.30804261449      
78          -280533.65989605727      
79          -286476.91938622401      
82          -305100.24961296527      
74          -257146.04799345406      
67          -217895.23430841489      
69          -220362.55232225786      
70          -224238.14911188147      
70          -225210.04971290956      
74          -256188.87815296528      
69          -232564.660760461        
75          -264040.2002831868       
81          -308267.665950455        
81          -310641.74853943533      
84          -325405.94416329172      
84          -329714.73521421099      
83          -323396.86690961855      
85          -337838.28114695702      
84          -339254.34228443343      
80          -313706.91835481545      
81          -318408.908419438        
82          -316068.47472106101      
78          -290194.66365690168      
77          -277921.55845381832      
77          -280199.22772527044      
84          -326738.49175792461      
85          -334761.18448002334      
79          -292247.27585118753      
80          -301732.23663857934      
78          -280700.0883039746       
75          -257088.21854754339      
73          -254718.64868121658      
69          -237737.14385470952      
74          -257549.13949139768      
74          -258872.39997920988      
74          -260417.6554704998       
78          -275815.6745069024       
75          -263038.44358802977      
81          -305721.95373696281      
83          -317182.86862009292      
79          -291604.64473057067      
74          -263235.80299826193      
78          -284106.09506792767      
77          -283277.68552512431      
75          -266401.54651051451      
71          -233876.44208131317      
75          -255368.78998981381      
74          -255344.48091189493      
67          -223849.66575213152      
68          -221036.70053154309      
68          -222479.912919291        
66          -205361.32112736773      
70          -232303.63826614653      
73          -242690.24202448846      
71          -225113.61353399765      
75          -262113.93917023804      
74          -249839.89491383528      
72          -241417.2208221016       
76          -257794.67018880512      
71          -238730.76173367101      
72          -255636.90316953516      
80          -304469.92693672283      
82          -322112.6762669264       
87          -347263.10944825236      
85          -341035.33366686967      
84          -332395.93771235662      
84          -328466.40750981786      
82          -311135.28032185615      
83          -321120.94814039697      
77          -284356.17136673356      
82          -320297.5077351043       
85          -338376.99849273346      
80          -300592.06640326482      
80          -302237.71565312846      
75          -271044.10184010648      
77          -280551.58447051665      
77          -282362.53398904915      
85          -339606.10032841336      
82          -325352.26919169439      
79          -305366.67943457927      
77          -289779.26081729075      
80          -299117.90999880736      
77          -277887.3768043837       
77          -275142.18036962289      
75          -261979.57687247847      
74          -247558.5208927583       
73          -248313.38417352707      
73          -253682.07523590678      
79          -277000.57137715095      
73          -242197.72689122043      
73          -251543.38322641197      
67          -212536.69185666044      
68          -214104.89981937941      
63          -180671.95522124245      
67          -204007.15358286881      
68          -208757.0804618847       
73          -234909.28648822734      
70          -224172.06152237754      
77          -270658.03797317675      
78          -272144.52251356404      
80          -287554.92178564757      
77          -276747.25839164568      
77          -277775.02616506611      
80          -297559.02848842664      
79          -290828.97328723356      
75          -267155.10306119127      
76          -274728.55755108572      
82          -308773.54675889667      
82          -313102.07494410576      
79          -282171.02163970564      
73          -251640.28395375621      
76          -279591.76603281149      
77          -283344.91779625631      
73          -263903.9347795833       
76          -274989.77952301002      
78          -294416.44351042731      
78          -297965.6322946361       
78          -292978.75666886737      
78          -283910.24906733318      
81          -305848.08759327064      
82          -313217.85389439779      
83          -307167.36284791556      
81          -301627.45943383226      
83          -321238.81899218971      
79          -288862.71703330992      
81          -301416.74346864223      
81          -298513.93935189478      
72          -259963.42167598085      
75          -264832.79554918141      
73          -247363.69329502259      
71          -239602.78071697714      
73          -247844.77309940624      
76          -264666.30335145624      
77          -264825.00972008175      
75          -255710.96020966797      
71          -235884.32219290099      
63          -191425.09223481134      
64          -199059.22485643241      
66          -200645.80792515702      
68          -204533.25877799306      
58          -153609.83374680296      
59          -160731.88177346287      
63          -189086.86927065405      
70          -230893.96502870703      
72          -242651.25637996857      
78          -275835.57874242769      
76          -264302.52983364591      
77          -269861.98848075245      
72          -240522.74236206754      
68          -212346.56833457816      
68          -215935.23094054047      
69          -225029.60304367548      
65          -207319.45735497129      
74          -261198.83296124369      
71          -239564.30414705232      
77          -274763.75495827856      
77          -269155.90540296922      
69          -225339.9163481874       
68          -223535.5338545398       
71          -231080.61537385421      
66          -207792.89046134468      
70          -230539.95294114627      
70          -228298.9322332633       
61          -198193.96906746345      
52          -162185.62561918932      
61          -189806.52395129538      
70          -233859.32551154454      
70          -237526.91307152522      
72          -237914.03288076233      
67          -216682.32270179247      
71          -243207.54171520894      
72          -246866.0201017354       
68          -226056.34132189766      
67          -227042.2248978134       
68          -222832.10131036627      
67          -218390.98160607507      
67          -222340.48523372796      
68          -235375.3615103848       
67          -219927.2612545561       
65          -212421.15776953366      
63          -208759.9160543746       
66          -217259.21210352218      
65          -212232.90686984063      
68          -221953.93641541456      
73          -248361.91452731119      
71          -226499.63877130212      
71          -231597.04362307399      
73          -248471.59155451367      
72          -242202.35687786527      
69          -231361.21375275872      
73          -255338.11849862465      
71          -242960.47125311193      
70          -238212.58223175153      
74          -259413.76514683798      
79          -285451.07916899153      
75          -272393.71009202395      
74          -272398.52362421027      
81          -313541.09104438679      
78          -288811.58192892629      
81          -313697.60368566384      
79          -296691.67615666386      
75          -274253.91981706565      
74          -261150.87228717285      
77          -279860.85710765049      
80          -302940.67787949904      
73          -261189.72055838085      
76          -275220.28513343498      
75          -268086.98640032258      
69          -226758.40922234795      
64          -211468.31056187631      
65          -207518.5844707746       
68          -214880.50485669079      
67          -211908.52855531304      
73          -251831.55289949576      
79          -291979.25401397119      
76          -272481.39376824623      
81          -308329.28606678959      
81          -309606.96156397136      
83          -317755.67554968211      
79          -297602.85047295445      
82          -304335.42228656431      
74          -251354.23108439715      
74          -251762.45336715842      
77          -272093.18940921745      
74          -259490.20526755703      
73          -260748.42977336468      
73          -258006.4949333168       
73          -241144.99300070788      
67          -208591.7318234501       
73          -237637.8664347459       
72          -243294.89929793292      
68          -219065.00612195474      
69          -224786.9225157052       
70          -226405.60265809059      
66          -206721.23626547921      
61          -181581.08101947187      
55          -146296.45750643979      
45          -111113.5011780401       
46          -101203.2861554204       
47          -111983.82667847954      
54          -144471.97400934371      
42          -110321.94360992523      
37          -75430.060902822268      
35          -66480.529667087496      
37          -76938.234788930946      
31          -58052.733470234576      
19          -23445.566137706614      
28          -51917.566443080344      
30          -52437.808863723818      
28          -45101.701974788179      
11          -7563.1812966569078      
7           -3817.4965939924259      
8           -3757.8019025781068      
11          -6237.5890235909437      
8           -3740.4478266538449      
6           -4514.7857693986789      
9           -5391.9183482125136      
10          -6822.9982892141425      
10          -5115.1051649980582      
2           6.8212102632969618e-12   
5           -1202.9301212268902      
7           -7077.4187333756436      
18          -14162.667256470311      
24          -35495.576916804137      
28          -51671.176914291776      
21          -18347.350198820819      
15          -13430.415020706501      
17          -18657.567856480964      
22          -28993.844629698458      
26          -42621.033267272775      
28          -38344.410051143343      
17          -18007.084557123577      
17          -15819.255097351837      
7           -644.8404739550997       
5           -533.34833862306527      
6           -2284.5276100714468      
11          -7507.9714200682401      
13          -15831.200451723333      
11          -5716.2634146215714      
17          -13446.863035364146      
10          -6690.2535355156888      
9           -3090.4020453649882      
12          -11176.605768527405      
10          -4763.3710723327358      
15          -14142.552867084887      
8           -6586.6170537708331      
13          -9410.1587139189724      
12          -7601.9939415349845      
13          -11019.55655635915       
24          -27659.623465644578      
19          -21869.525010316866      
17          -18483.032635000163      
24          -46325.944827148538      
22          -37710.067061862399      
17          -15158.855905778624      
14          -14971.608743427721      
16          -9542.4341055894747      
22          -37407.231761873969      
33          -66057.940847650039      
32          -54195.668627611667      
23          -32089.766154439563      
18          -21220.219493831853      
14          -15106.235893023077      
16          -13018.904920261703      
15          -21111.360105227661      
13          -11505.849230843663      
13          -12550.342414169983      
12          -4290.14177377549        
11          -6851.9894912387263      
17          -20050.828875296662      
10          -5545.2041848122517      
17          -22449.029078937099      
22          -35566.920239109138      
33          -60122.240741325018      
35          -65417.294820565483      
42          -103654.74179865792      
30          -56721.791257998688      
34          -66928.929403270231      
25          -36105.901894091447      
26          -40297.595842347437      
25          -48042.506847047458      
30          -40120.877355062599      
30          -54645.17973911811       
41          -90922.384695323271      
37          -83747.917814237881      
38          -81073.936421525475      
33          -67719.09191247444       
40          -94102.927197245939      
38          -79990.309509143481      
39          -88899.166827427529      
41          -90057.596500193045      
31          -65376.597344475871      
41          -87452.692766603417      
43          -100404.1133196399       
45          -100483.86239438203      
43          -100384.99759027692      
39          -86256.95056338502       
35          -69630.189451974089      
37          -61261.268602583339      
26          -32599.624920259343      
16          -9660.0343912447497      
16          -12625.706817318143      
16          -20674.183830038117      
9           -3041.588503786983       
10          -8843.286303049741       
13          -9463.3822568197866      
19          -21346.159566510574      
12          -6882.0613147653521      
12          -3402.6317958459053      
29          -40481.466510204213      
26          -37319.331890495589      
24          -26213.98311099242       
25          -41231.677874371657      
21          -32422.683484410627      
17          -17565.839718119427      
15          -18541.915284986328      
15          -11730.418343102858      
12          -5682.4192589227096      
21          -20901.850027164564      
16          -13196.380766008873      
21          -27914.980507916571      
23          -36427.830585336647      
20          -20283.905049488436      
22          -34485.969874370836      
37          -65038.539250203139      
47          -102008.03520279023      
52          -113072.75007454974      
43          -89174.155354041577      
40          -67079.327379696362      
30          -50877.84819564331       
26          -35009.311052955163      
30          -59709.464138160227      
32          -56825.7908831522        
40          -84123.669645280796      
38          -73944.085360292171      
37          -75152.742223835594      
56          -141674.56789420458      
55          -143066.93056318874      
47          -109785.67105651078      
49          -114977.28444022192      
50          -118440.9832653437       
58          -158558.12025860284      
53          -149205.66642472465      
54          -147631.21652815622      
49          -137934.74307970461      
46          -113425.99489586396      
47          -123917.52523783095      
53          -141203.45518603665      
53          -132204.14078813081      
66          -189571.23966223866      
56          -157341.94458420691      
64          -185994.50002656141      
65          -190727.39130439449      
54          -134990.58536146773      
68          -201798.59744123218      
66          -194050.19885933571      
63          -181661.45947797387      
63          -185740.28744180407      
66          -207575.83140591561      
68          -218651.36355288466      
72          -238652.8934312083       
73          -249797.59259465165      
76          -268306.92079895019      
78          -278796.99773017783      
83          -321673.39349907893      
79          -294518.73429085786      
80          -292264.57966587064      
77          -275349.8880136782       
77          -275095.05068596813      
82          -306060.76368372742      
81          -309102.39035835222      
80          -303563.95497909468      
79          -300465.80398244853      
78          -288089.67275854241      
74          -261266.14265702447      
78          -282936.64202617644      
77          -275163.48576719989      
72          -244549.87454511708      
76          -272372.90854753187      
79          -296248.01857616089      
80          -298629.25616416393      
77          -295250.9258725557       
78          -297932.43867040268      
82          -320354.32583875349      
79          -293878.61774639215      
76          -274088.17818730563      
76          -276018.45875007927      
74          -267108.41838009778      
71          -245005.28406647936      
63          -198580.56077478069      
55          -153785.27983804702      
57          -159398.10536114618      
57          -167058.35375976749      
67          -216610.63648525561      
68          -225305.05806844993      
68          -223187.09186470578      
59          -186185.09251650076      
59          -184500.46605586534      
64          -207144.74288673355      
60          -186232.85620690265      
54          -165563.77951076382      
54          -165954.46945115313      
54          -165484.99365236293      
58          -175996.01990378741      
63          -193031.06278243559      
66          -203428.73347015705      
64          -195964.7399879586       
71          -230212.71935209879      
71          -223430.18714811865      
70          -229144.0041094484       
71          -234360.36679841179      
71          -234900.21650406756      
71          -224775.68255151651      
73          -234062.55262152667      
65          -186651.82868922563      
69          -218589.73619193508      
68          -215392.07014042378      
70          -225078.65828749179      
71          -235610.85803247616      
77          -267287.60900671879      
75          -252361.2294971878       
76          -261303.58176668754      
76          -259706.62260265124      
72          -235724.66199187454      
75          -258777.73009211197      
71          -230026.731142067        
75          -254772.00229554245      
72          -242700.77129651321      
72          -241468.08488531763      
76          -264255.92260601936      
78          -282058.62806943804      
77          -276069.24591170484      
75          -261807.40495986416      
74          -263019.77398548974      
82          -308862.86914906325      
76          -269660.90672531858      
74          -255992.00630195369      
77          -272675.04778175481      
77          -277773.85248489509      
77          -278174.97637304594      
83          -314065.8903302119       
80          -292236.75877216709      
79          -289875.06851540221      
77          -270412.63464344275      
78          -271583.79099847563      
75          -258052.87226926594      
81          -303055.0928939883       
78          -290483.93241097557      
77          -280013.2363757799       
75          -271232.93674489163      
78          -297145.7161425784       
81          -312239.53447467217      
76          -283289.88737811823      
75          -273722.44034313882      
67          -226519.79934781525      
68          -220203.85750503736      
77          -262687.53220551176      
71          -224826.65746196112      
76          -256144.10958357359      
68          -215491.81061083489      
69          -217870.72871118801      
67          -211546.6710291247       
65          -206030.67007547579      
60          -176670.07707339351      
66          -208968.37521881744      
68          -229008.50696792128      
63          -210818.91561928496      
66          -217830.42578321879      
70          -238341.65722777587      
69          -227650.92536444121      
67          -221905.31222820829      
65          -201873.80563608932      
73          -252742.36549337686      
72          -241869.4992608256       
73          -247253.61520558927      
68          -225907.9545956568       
69          -234476.41791984526      
66          -206978.51998869819      
60          -173697.98523714786      
61          -189069.32890386516      
71          -251342.35717236839      
75          -274640.19351481367      
76          -278171.54251917545      
74          -261631.92456130355      
76          -277178.10081424849      
72          -253289.89009983561      
74          -272272.57752518228      
78          -295122.94843543501      
77          -287725.03534065926      
76          -279459.90354642662      
73          -259566.77355326363      
66          -224006.96429150438      
65          -221237.0764287413       
63          -203789.15658996699      
70          -232344.92886855709      
72          -254034.65132300361      
66          -221075.65720634605      
69          -227605.42659515233      
71          -241180.92565866688      
75          -266026.53100665845      
74          -265681.5822883182       
77          -278325.10856572352      
73          -253987.8778821709       
74          -266136.06305245525      
70          -248190.38116366422      
70          -249278.19909663309      
67          -221708.4021892921       
68          -230024.01212613829      
70          -243675.05563707193      
68          -229055.81385170086      
65          -200606.79224348644      
58          -171490.5566380368       
56          -167781.18614206577      
50          -138816.77825900092      
63          -198415.63204684295      
62          -199525.11559803426      
68          -224309.52124074002      
71          -231956.86950450766      
76          -259539.05134943358      
77          -261051.52794777582      
77          -270208.78897498699      
72          -238031.00173975056      
67          -205622.2238150971       
73          -240234.28431276823      
61          -173107.67262387843      
58          -164564.12381963781      
59          -166162.41622791154      
62          -175828.95261400205      
62          -183901.89698791131      
62          -179491.17462307541      
71          -221008.55868384027      
62          -188986.4017398773       
71          -234893.49412793151      
69          -226320.68639495454      
72          -243329.73103743666      
71          -243430.62529578121      
67          -213940.5917087596       
62          -179032.72705858294      
59          -166068.51978611431      
55          -152959.4359150829       
51          -134754.29071878301      
65          -202299.64150215822      
70          -222926.6945645448       
60          -166422.4839652683       
49          -132641.08299839165      
63          -181112.77520133223      
66          -201601.98392715599      
66          -193681.69748033123      
76          -258899.89258719838      
72          -236234.63982054076      
77          -270514.87139960396      
71          -235365.59531964213      
71          -231817.69480796807      
69          -230506.59412835119      
73          -245179.50918629591      
73          -243464.04968555152      
64          -210588.75538339079      
68          -223198.00321609055      
72          -247887.48105940307      
71          -247657.50055779217      
78          -278975.70976556203      
79          -286990.15538536763      
81          -294129.4169561388       
80          -295498.66487228457      
80          -303347.95523129852      
76          -280121.42226965085      
77          -283281.32390193024      
78          -286191.76597606647      
80          -291001.59468015464      
76          -270219.60327262449      
75          -260708.40099439272      
71          -243729.23601509022      
75          -254392.16415169436      
74          -247507.7008207037       
76          -256078.07975563922      
74          -248165.00880796288      
71          -233910.19270543207      
75          -254416.39995164188      
71          -236336.99766360398      
73          -256291.15785719504      
74          -263549.08065845579      
74          -262110.90962557471      
78          -287499.76835097937      
74          -259213.0410347234       
75          -259558.25353292204      
77          -285026.31181585655      
76          -277887.06243732094      
81          -311593.78021529166      
77          -283032.38601988042      
77          -283019.24197380146      
78          -286173.39371826343      
78          -287164.34517256776      
76          -266137.0051335172       
80          -290075.57825158018      
80          -290269.15446156741      
69          -224768.70247721398      
66          -200039.4318826088       
59          -168794.4025303871       
67          -225337.59788058102      
72          -254145.98827615051      
79          -290314.47496636672      
75          -264679.86015046074      
66          -200872.80409529063      
68          -219790.85718405459      
75          -260398.76617365528      
73          -246586.87043274188      
70          -221286.63987702399      
70          -218781.99960978306      
64          -188710.64216127709      
63          -183287.39866551803      
67          -200314.23220471872      
63          -188084.95638816897      
69          -212065.80925512727      
57          -148291.02894334018      
57          -156255.26804761632      
55          -143756.9259302234       
50          -112237.66909519414      
61          -164277.08643846904      
64          -178251.4758361323       
53          -129850.23891108054      
52          -127135.76614546296      
59          -163681.89212721301      
65          -208501.77240919456      
71          -241793.77356088167      
77          -267071.20209489571      
74          -249014.72782525537      
65          -201776.29572635004      
66          -216844.30292461478      
73          -244977.14029568626      
66          -203207.73950239515      
70          -225437.43953598765      
71          -230461.99973962363      
73          -246490.34313120227      
72          -235310.55492359109      
69          -228925.04765311652      
71          -239209.57819406601      
75          -249346.68652321954      
72          -241474.054507099        
75          -264877.1077530933       
76          -271711.82935732132      
79          -288618.52580231486      
72          -249132.29183902498      
76          -271290.32493799424      
78          -279884.07933628571      
71          -244921.3664326196       
59          -195183.82589539763      
67          -228294.74974620895      
73          -259484.12525408101      
78          -285589.39519585221      
81          -306286.00676227972      
86          -338557.88423328637      
81          -310010.41368978022      
80          -291552.89046617504      
72          -249421.93890778429      
75          -269429.08327305492      
79          -290353.45092653739      
75          -253220.63966431477      
70          -234346.13696922018      
75          -263941.21936872212      
72          -242916.52759951988      
76          -263624.22293811466      
74          -256453.48115835513      
77          -288213.59652750532      
73          -251917.35925664025      
72          -249439.00891219714      
72          -246738.29473545487      
75          -265151.86526176747      
79          -284760.81915767392      
79          -290967.71765021974      
80          -297431.83245893993      
81          -303277.67535400833      
75          -269820.45954662177      
72          -245645.13689909768      
72          -243258.0134927223       
69          -233067.83044569846      
68          -226243.08497376787      
69          -220784.62300475666      
63          -189081.7848528444       
62          -193018.22760079309      
66          -217939.96972811321      
58          -183194.32402686635      
58          -169866.53045135789      
61          -185690.17512827189      
70          -233475.07950292871      
67          -223140.08458892675      
65          -211433.95926478569      
66          -216700.92238527743      
65          -202886.8519043136       
69          -220426.14983567066      
69          -215021.55421283381      
66          -200409.60415378411      
75          -255321.25276051884      
66          -219765.65493758491      
71          -235726.57592971914      
72          -245164.50776502505      
71          -238056.36620770811      
69          -238524.35056019513      
70          -238187.21573048635      
74          -257982.94907386092      
66          -211339.86975928437      
68          -222535.54070072388      
70          -225832.92344925969      
70          -234162.40843745411      
69          -222030.57189813076      
64          -197346.4006714806       
59          -169946.88410125455      
65          -201596.79386818004      
58          -162987.97813689039      
64          -188989.92186813493      
68          -207470.18900281182      
64          -191172.83397277026      
59          -164877.34829911112      
60          -173607.00958021547      
68          -214739.19794029239      
64          -192286.44913076912      
56          -157883.13837611297      
54          -153981.97042651492      
48          -113677.43623939733      
56          -165090.80814252613      
53          -149151.79076882798      
50          -127063.52495278745      
58          -159052.71630031723      
62          -169859.33349226738      
64          -186004.16966520925      
68          -215830.76431498854      
69          -231501.9417929528       
73          -258974.33862799572      
73          -244841.92926191853      
74          -258111.22034124625      
72          -256076.11020514133      
75          -271702.85962648486      
77          -277462.11427502485      
74          -263121.91679099208      
75          -271029.86941219465      
71          -253301.47110886499      
72          -257848.87674767317      
66          -219813.57054852543      
73          -258639.3973303863       
76          -267320.34506973939      
77          -281269.14945264038      
80          -304021.05334670335      
84          -332332.02297069278      
86          -341003.33026589139      
83          -320452.65475474374      
85          -336435.73120862036      
87          -355975.34054509696      
87          -359544.87176847935      
87          -354202.3908605054       
86          -347744.29914428759      
84          -322917.38655947824      
85          -326981.85127211327      
81          -307633.9511644732       
80          -304705.56217670999      
74          -268220.88665565749      
74          -269598.66813946952      
72          -262769.54540585965      
73          -270185.76964470098      
77          -285510.40334781306      
77          -276947.13326049771      
76          -279898.06372336281      
80          -299347.3565442675       
83          -320040.36766482599      
82          -312623.42404513148      
81          -312694.62968349236      
78          -290176.49589267111      
81          -309901.200722232        
81          -309984.34500362119      
84          -322666.98507433827      
81          -306755.38433528092      
81          -310704.56744402106      
79          -298781.98297496443      
79          -294051.33117814176      
78          -274904.20116440445      
77          -271397.44186426612      
77          -269436.31635183142      
76          -268076.32969615608      
72          -249334.56553460544      
72          -251496.47030967343      
76          -273109.15022072126      
70          -244507.32340104945      
78          -288420.29094267264      
75          -260854.34266167492      
74          -259958.28298564069      
79          -289271.71855085954      
82          -309533.88895632687      
79          -282768.57316154934      
77          -268295.6925647668       
76          -254548.19854298412      
81          -281124.52264190069      
74          -259446.43529144264      
70          -226368.54736007005      
70          -221812.94362004817      
75          -249493.76240423805      
73          -239867.79260552773      
77          -265885.51504581847      
75          -248856.69367745033      
73          -245086.02278883194      
73          -250205.44787761988      
74          -244427.11618941158      
68          -211865.30378483896      
64          -192490.82631677025      
59          -169906.54291782915      
61          -182121.79227685698      
61          -181981.61196608745      
66          -204246.72902156459      
66          -221735.85170374831      
64          -210325.93700125741      
69          -227972.17828326285      
69          -225828.12150014873      
70          -240967.60510543361      
73          -251663.52930594276      
72          -239595.49141667041      
73          -244274.05901190737      
75          -268257.66548316047      
82          -305477.28094506782      
80          -288030.96522889071      
79          -276771.46511351783      
78          -267207.71396715729      
65          -200745.33422490879      
73          -255573.21397616924      
69          -226556.242102302        
75          -258765.96629882418      
76          -272508.69790489471      
70          -236801.92900708408      
71          -248219.76569301449      
65          -215466.01845015469      
69          -229493.26734527905      
64          -200702.9369083874       
69          -220088.71083831918      
65          -193894.46293566131      
62          -199201.65445817984      
71          -238456.43546642296      
77          -274846.05976623792      
78          -287319.78172049683      
83          -318344.17497653398      
77          -276785.12441094551      
81          -308650.84421424026      
75          -270437.99157718255      
79          -291099.81315379107      
75          -274596.08675460913      
80          -301668.70791621908      
75          -271967.19083567092      
73          -265017.48362875072      
70          -242552.19092123181      
66          -210002.06481118157      
68          -222980.54491442605      
73          -252338.84946371385      
72          -232358.42893462011      
70          -223880.4047928761       
73          -247419.74453656943      
74          -255815.09874791393      
74          -259718.93657952122      
73          -257211.40342277134      
78          -284697.81994937785      
73          -250091.44658554645      
68          -215506.20787700667      
61          -182582.38006363341      
62          -191348.21965491748      
53          -143624.86851149463      
47          -116274.39749300529      
53          -140687.78488316029      
65          -190299.51807119462      
65          -204574.43539143607      
60          -180236.49747834625      
57          -170440.83689668874      
49          -142259.78881210121      
49          -129332.89460136699      
55          -149616.35629592434      
57          -160685.12752474024      
51          -138275.42891746707      
48          -125429.03680100347      
41          -102784.37402771761      
47          -121414.22873923948      
47          -135667.49243021262      
58          -169474.96396548688      
50          -142479.17692234684      
62          -192516.04201658088      
58          -162472.23477786238      
56          -140864.65461655107      
65          -199618.74144430103      
72          -246624.24066096573      
67          -216291.39191356915      
64          -196980.0316133681       
69          -224173.8668494286       
67          -219423.4357386409       
75          -257080.44626722872      
69          -218995.59955657268      
66          -201909.73759557566      
76          -265664.7830145582       
78          -278967.03126813774      
80          -289962.64808502514      
80          -292467.25205349957      
77          -269016.02020184189      
79          -284602.63735309849      
78          -288002.90772566624      
83          -317512.55225284159      
79          -285705.50122390618      
72          -242259.50180102029      
73          -250877.93705627232      
73          -252767.85066569163      
78          -285908.60107033153      
76          -272316.18331902742      
72          -249168.49118031561      
80          -287916.89352953678      
78          -281543.20795817178      
81          -300466.67139473074      
80          -301381.14139747142      
74          -261334.12942621659      
77          -280777.96666782442      
70          -236284.28899542513      
66          -208381.55731025431      
63          -181182.79258049896      
64          -195559.42215696283      
66          -191379.62023953875      
61          -165763.97173884898      
65          -190695.32064490538      
65          -191213.03731689168      
59          -172315.92429623473      
63          -189374.38963834036      
70          -231333.94968415456      
68          -221609.64195227818      
70          -227407.42010868227      
74          -246445.33441572823      
76          -268920.06729542598      
74          -259865.95171069141      
69          -222246.05837687201      
61          -177432.23312584092      
58          -168377.06141222693      
57          -162561.75471214959      
58          -163750.94358763014      
60          -170681.68653934565      
59          -171217.70097395542      
64          -190611.23105700739      
66          -208399.52665697073      
61          -185054.51982188303      
66          -211359.59136877165      
66          -205436.32111859659      
65          -195822.43903296129      
64          -185475.71178051896      
66          -197672.77606459864      
63          -182970.06677146544      
66          -207510.15589013367      
78          -266121.30938944453      
77          -271618.1544276253       
78          -283554.30595855811      
74          -263137.29969349987      
79          -292850.15270703554      
76          -281598.26565920259      
76          -287546.82317775959      
77          -286202.4310578882       
73          -263951.10804201383      
76          -285636.73693606508      
80          -309243.94062418584      
79          -299393.3930400039       
81          -308933.58172527392      
83          -316679.90369332174      
76          -279595.65113557357      
83          -323045.36247217766      
83          -314734.4331077548       
82          -303829.54923947511      
86          -342493.93906830304      
85          -332269.01217453956      
83          -321521.63501399488      
80          -298805.76978407503      
79          -290741.12462055008      
79          -282599.4032501796       
79          -288992.21110897913      
77          -274297.41771013621      
76          -274306.60698648205      
71          -245126.02851295061      
74          -258289.64221095198      
69          -225717.18879731247      
75          -270445.01463739935      
78          -289145.92824376206      
80          -297046.300687454        
77          -267069.1772347106       
81          -301593.7250265879       
84          -326136.78005285037      
85          -337210.69023615884      
89          -366934.86808267556      
86          -349434.75951157376      
87          -350775.74315164599      
80          -312076.44968761044      
84          -322552.89511666709      
87          -349128.49469061714      
86          -347128.71148657042      
90          -381281.5107394454       
86          -356423.26370119071      
86          -347348.54239912657      
85          -337488.10703033837      
88          -355428.61632162193      
88          -361272.09347088973      
84          -335739.90771988756      
86          -343684.55946615268      
82          -321316.95244888676      
86          -341651.39912885253      
84          -323776.21059728955      
82          -317271.30957684125      
75          -280482.60438966227      
82          -317425.80205268587      
77          -289911.06978394452      
81          -317665.28363500722      
82          -327187.48517354927      
81          -322890.78194550442      
82          -332100.73873580043      
86          -353034.78196573607      
85          -341365.62812223635      
85          -341882.37327948253      
81          -317365.06842130574      
86          -340686.15834044863      
86          -344418.24862635194      
84          -337495.89352343808      
86          -357704.05566705216      
87          -361209.28698686406      
84          -345406.15805980389      
85          -355479.05149152415      
86          -367438.35244328523      
87          -366973.75918771682      
84          -347581.47989505896      
89          -376920.23638835235      
85          -350037.89282758284      
87          -353116.06385600608      
88          -362817.71465780778      
83          -326255.89208351373      
86          -345658.49435144465      
84          -327250.2171409626       
84          -326197.76312940003      
82          -322786.9452521358       
81          -315931.87434876454      
85          -344302.45706165384      
78          -290804.40345974296      
78          -295290.94281690591      
78          -294351.42241754534      
83          -318791.6900349427       
85          -328601.23224647436      
82          -316005.87869465305      
82          -313865.63089044078      
82          -316838.56413337862      
81          -308846.94400638604      
81          -308010.60446208564      
81          -304613.81288657838      
80          -299939.7698063273       
81          -313630.60433466668      
83          -327000.67218484177      
81          -319893.00050932181      
78          -297173.62711246026      
76          -271258.40379538463      
79          -292543.07190285082      
80          -302546.59590257308      
77          -279952.52930821059      
78          -287527.33748077811      
78          -289712.63572646113      
80          -300702.16024255438      
84          -331220.53260624089      
77          -297183.51359962771      
80          -303257.45256879414      
83          -318982.48429866659      
79          -289239.26446442603      
73          -251531.33853571577      
78          -275025.88907673262      
77          -276576.56122885976      
76          -265259.93640299171      
72          -239921.54844045025      
75          -256122.69955645909      
80          -296230.1617289593       
78          -280442.98891596252      
76          -266982.63347565604      
74          -250994.67783106395      
76          -262250.53303023148      
81          -295018.91208228888      
81          -299038.46927848563      
84          -324687.12293178844      
85          -340964.84773087606      
85          -340716.85880337213      
84          -333685.19590943767      
83          -321123.86467824626      
81          -304519.11333388288      
78          -291035.06747198344      
82          -301296.74470582989      
83          -310594.00732786139      
82          -317386.29299265344      
78          -284696.5702518113       
78          -280586.22856272489      
77          -268263.45381997852      
69          -227175.84490845058      
74          -249798.41542596449      
66          -207055.77050107799      
68          -231533.74856894158      
74          -253104.53253498176      
72          -242472.57597800126      
70          -236733.78132395071      
67          -213706.9930313284       
72          -246784.44185658588      
74          -258970.89139805132      
77          -280970.87870784057      
78          -285740.26410560124      
80          -295723.72514272406      
75          -266887.72161761869      
77          -286646.6082659454       
79          -296417.41233885998      
79          -299207.10100158001      
81          -306177.19840529677      
77          -280237.43772324012      
79          -293701.8634452048       
82          -312423.29188262642      
84          -332455.04551198217      
83          -331021.03821843484      
81          -307817.72897637606      
84          -333266.29376076086      
82          -320407.8228513996       
82          -313123.02408553852      
85          -328525.06736836955      
79          -300280.91645922436      
79          -289314.72466048633      
72          -247277.48573814979      
75          -262030.65535233411      
77          -274403.29891433823      
74          -256042.47135076163      
76          -274257.54184041783      
76          -275691.80862023192      
76          -269412.03853490629      
69          -219656.40748345733      
72          -240848.21816650091      
74          -251256.21826737368      
76          -261549.43754358424      
70          -224447.3681899771       
73          -245019.62043059885      
71          -232114.22676316701      
78          -275401.82303652767      
78          -267823.73124180833      
75          -251245.81992988341      
70          -222605.02409960431      
65          -201564.33901575103      
68          -213260.31646074197      
75          -253843.72623378111      
72          -250801.61198095992      
73          -257263.90985512294      
71          -240817.88373441133      
73          -249037.78474676193      
70          -243035.51042301222      
76          -273776.72182894323      
74          -258238.17593987301      
72          -249633.16959667756      
81          -301177.7851488819       
80          -295144.94976773951      
77          -281145.02426451782      
80          -293411.71899758023      
78          -294587.56523237936      
80          -306447.70390398154      
87          -356375.73399972671      
87          -354919.71978213941      
82          -318941.01675185922      
79          -300253.52363292972      
76          -278032.08888121397      
79          -292665.29538655386      
76          -268046.2257512362       
72          -238163.86384790158      
77          -272357.70812030189      
80          -287474.7037110434       
84          -328094.62549645791      
86          -347047.28517307679      
83          -323412.1592104758       
79          -300314.45981815853      
77          -288671.92248926457      
76          -277904.37048371061      
77          -277055.55874038098      
77          -282625.52992844657      
79          -294811.23932827055      
77          -282522.38373657834      
75          -273725.42986097926      
78          -285183.67674118752      
83          -321288.68162208446      
80          -298059.26795740327      
82          -316908.35460375418      
83          -318430.33876594354      
78          -284785.49406016548      
81          -301926.60192327586      
80          -302224.94990757224      
79          -300045.39089415444      
82          -317324.04137992847      
84          -323785.53070649266      
83          -321045.84274590347      
80          -302531.2251258911       
80          -292757.36648480775      
80          -301099.5535862986       
79          -290632.13940262888      
76          -274189.64192037401      
79          -287566.67702059582      
70          -236730.74148728407      
74          -263258.86080885981      
78          -285503.38286585873      
78          -285807.7575138887       
83          -312615.47970906954      
82          -304738.20225167967      
78          -285292.69927237974      
79          -285780.55095956405      
76          -261135.55485135512      
78          -279778.78003609122      
74          -257576.04441825891      
70          -229342.76858156835      
71          -237281.57355255014      
77          -274292.93000470172      
78          -285399.76983415469      
79          -287392.81943919644      
75          -267593.23302051314      
76          -277439.6247910533       
86          -344676.84923757653      
86          -338302.9534720846       
86          -335067.6867964968       
81          -312426.79005768045      
80          -305280.27107533842      
81          -308024.75035358884      
83          -330870.52654279512      
84          -332171.65578316234      
84          -337415.39206143114      
83          -321695.47204303776      
80          -305834.03883347899      
83          -329684.09185002389      
82          -319520.93108715699      
82          -315268.88146309234      
75          -272602.30074715172      
72          -254164.85189243048      
66          -214327.69905088638      
66          -211252.93812283367      
64          -197817.83608020304      
68          -222193.16366662763      
78          -280123.82771349739      
77          -275553.83893501025      
68          -232799.80758348628      
72          -258638.48168370605      
72          -251309.81379088524      
72          -252857.88264578342      
74          -253543.08899054996      
81          -300381.31247998064      
82          -307039.82856070111      
74          -261387.23990099836      
78          -286199.70696132409      
79          -285336.25461428327      
72          -239854.26284634043      
74          -251990.22105800553      
70          -226751.72983545688      
69          -216711.87151012331      
77          -271135.11057520052      
76          -272832.97389824782      
77          -277611.4184201156       
77          -283103.31535313383      
82          -311105.05123944709      
74          -258809.28391507067      
71          -242166.37725525023      
76          -269753.66557590384      
77          -279993.64075065876      
80          -303222.74739730399      
78          -297230.28978715965      
75          -275082.05453829392      
79          -304165.53325595509      
78          -297580.57981224306      
80          -302494.32184155902      
75          -269384.00710196327      
76          -270103.11028340762      
74          -252296.52020919987      
76          -266381.26109811023      
74          -266931.72905738698      
78          -297123.05445701443      
80          -311029.32913897064      
81          -313562.22922599514      
79          -303985.15663575014      
78          -297914.33539753867      
84          -329937.1012229388       
83          -323912.76141964196      
85          -341831.4798227211       
86          -346498.56620560342      
86          -347355.42151394393      
82          -320830.22899166541      
80          -312579.00704301946      
79          -300167.92882620828      
77          -287052.74442295433      
79          -293552.70486073417      
78          -290044.68596601376      
76          -279607.10447182704      
72          -258086.83076599473      
75          -280789.9939382067       
72          -266501.49899014627      
76          -288821.90570935159      
75          -277796.32620478456      
71          -249960.13889096299      
74          -261474.66105109619      
75          -280420.37835366733      
78          -287897.86342886079      
81          -311770.30377151025      
82          -321928.88124744705      
77          -279534.26237172983      
77          -279819.19024199195      
81          -310017.44271222327      
77          -278499.93493048754      
79          -297381.33848178206      
81          -315760.02253122954      
83          -327734.87888803188      
77          -288122.71786036011      
74          -279217.91077637929      
75          -281656.81898599857      
80          -314992.997318518        
82          -322895.69717378111      
79          -301169.15010943165      
76          -287864.62164593674      
79          -306102.39758962143      
79          -297546.24998296326      
77          -290645.09175757953      
84          -329681.95633919019      
77          -291159.94106318883      
77          -282171.30159925902      
75          -260793.90377217569      
75          -266640.75893995992      
79          -294155.42779007036      
79          -297034.30778409587      
77          -283479.14070995559      
78          -279563.46917879046      
78          -280658.47466738854      
64          -204446.64086366101      
62          -184677.62141160836      
68          -210928.76071715477      
66          -213670.69562043832      
66          -204834.38594367713      
72          -243461.40532109243      
72          -244512.8839879421       
69          -230259.10312361378      
74          -251989.57687680231      
69          -226179.1596346678       
72          -245944.75630082484      
75          -261575.54887439779      
77          -280243.40427286347      
81          -303279.32551705313      
76          -278078.57878053188      
80          -296546.64077103505      
80          -299347.40816144808      
78          -289970.17056271574      
76          -284505.62973481318      
69          -236972.09965949968      
76          -268696.4987770961       
74          -252053.1167813029       
75          -273634.01988094952      
79          -290325.7393880107       
81          -305992.67068710283      
78          -286904.74948396179      
79          -290955.24793882237      
79          -292351.88630329707      
79          -290268.94486117875      
81          -308474.00643109926      
78          -291768.31394595007      
77          -289294.46132044063      
77          -292709.73256558256      
80          -307432.51080282684      
79          -301966.74978171039      
73          -251288.7899261463       
67          -221938.1127383523       
64          -213693.06473732254      
66          -208898.52182800276      
70          -240843.19886215031      
74          -256827.56792747701      
74          -247377.50674533402      
72          -236087.81268851546      
69          -236100.52799298373      
67          -240127.09359182033      
72          -260457.22795324484      
70          -251368.76740068488      
72          -257731.85082233415      
76          -284138.19687201496      
77          -292941.38164641726      
78          -291358.92717048893      
71          -256743.5130468024       
76          -283400.77117246902      
77          -282889.01549799566      
72          -255909.84995001124      
75          -269097.90525311965      
74          -266589.51780420262      
76          -277450.23672176863      
75          -256934.7588654921       
79          -280722.3924501412       
67          -215612.82157278692      
73          -251814.52704896091      
76          -275465.06863948959      
79          -293511.74815673666      
77          -277140.55881296931      
75          -266328.31442926673      
73          -255145.05798595696      
75          -275355.65075126354      
70          -249187.37234696219      
69          -232456.7778354398       
74          -251359.93927835528      
72          -242906.40608081035      
64          -196613.62976328089      
64          -189476.85054693665      
70          -227155.68837392243      
66          -203095.07141311339      
60          -182644.08684027413      
43          -122970.59579378834      
53          -151154.97882946016      
53          -150640.16053191491      
60          -174020.4307918273       
66          -195315.09717843769      
72          -230610.11518221124      
71          -223862.31824407977      
74          -248235.0697361932       
77          -261044.42513334882      
77          -261722.59672386272      
78          -281235.9052581187       
70          -234598.19064122203      
68          -226041.93016687801      
67          -220949.12892839874      
62          -199286.40721878302      
65          -209578.39742989055      
67          -220747.32825639291      
68          -229722.01395357185      
67          -217022.99161001609      
66          -215069.30707224185      
67          -211440.39233613125      
78          -276991.45178092003      
70          -232230.95140169462      
71          -247922.21618062441      
75          -269409.7144662207       
74          -259337.48252176007      
75          -271816.27054032183      
76          -267220.11618854891      
79          -279051.79112240562      
75          -267056.30197581754      
75          -261836.31796058049      
72          -235629.35891150069      
76          -266555.50103837333      
73          -254265.70071477134      
75          -282053.59561796248      
78          -299196.09210796253      
76          -290060.06672465487      
70          -243119.0701116556       
78          -282659.59251973807      
79          -296263.51107060158      
84          -319394.14517421945      
79          -284239.45975487918      
82          -303056.33359105827      
76          -277966.09454082127      
72          -245929.79459995707      
71          -236273.23790913032      
66          -207968.00007704133      
63          -195205.54320140509      
69          -236769.30450695305      
64          -213443.70827870799      
72          -251553.74651520292      
64          -211131.92042487583      
57          -171089.21738698587      
63          -195095.8808909553       
63          -193964.83483271915      
65          -198663.22373456389      
67          -210551.69818648446      
71          -232754.26565499502      
74          -255984.14488888989      
72          -241281.8868079074       
76          -277768.82001480227      
76          -269482.75648434705      
76          -273338.22822764085      
72          -245943.99058060959      
69          -226853.35533679149      
62          -188849.43392189991      
67          -211142.25492857656      
63          -194683.77564437114      
63          -191284.10926141788      
67          -213775.90372137286      
65          -208392.71753618601      
66          -226521.04921839363      
66          -220078.78199084834      
70          -243715.2219472203       
70          -244789.96756895407      
78          -287644.53035436478      
71          -254337.27447307284      
72          -260474.54012232856      
71          -243594.59271417616      
76          -271041.70556199597      
77          -280405.35636302264      
74          -264245.7948623813       
74          -260854.04082260741      
75          -267556.10486338369      
75          -267581.72158079018      
80          -298326.95691827632      
80          -295534.12186526897      
80          -294903.67265109485      
80          -284371.64768320683      
73          -255644.01635915705      
73          -255302.70344670056      
78          -288739.4038652099       
83          -322019.22660769767      
81          -308093.88032435521      
85          -334684.83839586464      
81          -302900.5794137707       
76          -281869.82895194774      
74          -266954.45015378186      
78          -288749.8527444739       
82          -308137.76108481636      
78          -288694.12973514566      
75          -266226.90736716223      
78          -284932.31320505246      
77          -280968.80729867151      
78          -298162.558752671        
76          -293378.12331896229      
83          -328956.02471659315      
82          -331249.75403362949      
84          -341355.84783360764      
81          -323035.66257716075      
83          -327872.22340184776      
84          -339383.11054747499      
80          -302701.54842809361      
82          -317541.47640140518      
79          -304417.55160982115      
74          -277106.02994430665      
73          -263167.71507038432      
68          -225972.36850771334      
67          -230356.3495492372       
74          -267492.12108766829      
72          -261010.38557877982      
69          -251375.41577437046      
72          -267705.36593020021      
73          -265885.03557213041      
77          -280189.80788828916      
79          -301567.91450791678      
76          -272073.60763093451      
74          -260600.09112702243      
76          -266149.70642823353      
71          -249376.20661002901      
72          -256610.24730016681      
77          -280529.42007073248      
78          -301277.25169235049      
78          -298122.44398882234      
81          -310885.63569441967      
82          -320113.99732303887      
80          -307931.48810670676      
81          -305956.10823945398      
81          -300369.54051130096      
79          -289974.18807415618      
77          -281701.79974765703      
71          -245481.04154763563      
66          -213848.68103752789      
68          -225820.93933433894      
68          -228695.89864922894      
77          -267621.10307828593      
74          -254973.03558558374      
78          -284274.48945546866      
81          -304960.1387293599       
79          -293695.85922434554      
76          -275047.70024952758      
76          -273920.78494262672      
80          -304282.39689649083      
79          -297043.82146356744      
81          -309082.85213242134      
77          -283800.83853994514      
82          -316575.17035677086      
83          -325913.85931826307      
82          -322870.9366782693       
82          -324918.69944682211      
80          -311455.98916624405      
86          -348552.9473578505       
82          -330785.95913441828      
88          -372967.14364600764      
88          -370803.776284836        
85          -357244.20979960024      
87          -364775.06816982961      
86          -358125.20446742         
86          -366636.06167567457      
90          -386273.02846392314      
89          -378169.58545648854      
89          -372630.93761457363      
84          -340406.85022541869      
85          -343739.35305881896      
87          -363856.45850814343      
83          -336338.91948427394      
80          -314388.73263792542      
80          -308255.80164564447      
81          -315544.46180062374      
80          -301431.74443874491      
75          -269178.68105354969      
73          -262581.7221870214       
76          -273064.76860487397      
79          -289247.08906666219      
83          -315771.51110534312      
80          -299258.92813760752      
78          -283432.5785670192       
77          -282161.63231343322      
81          -318110.07603107614      
80          -300477.68093150458      
85          -340241.26612306666      
84          -344239.57337437395      
89          -377034.01458252908      
89          -379008.10881375545      
86          -350117.10033393902      
83          -328972.67378956004      
81          -313690.13092961896      
84          -330369.97488641442      
86          -352035.64584501716      
79          -297401.92014575406      
78          -289858.10639029986      
80          -299956.87201160513      
82          -313557.65052448964      
82          -318604.20283042837      
85          -340438.59821134119      
80          -308216.51849954465      
80          -310312.63982041419      
77          -279424.23793826159      
78          -285383.43964250595      
79          -291598.19114581338      
83          -322159.76096735511      
84          -337512.39435212238      
86          -342694.46860341349      
81          -305435.20433338324      
82          -317337.42269350291      
83          -324239.14611458551      
83          -330019.7237247267       
84          -334641.07028931379      
83          -333978.46511723532      
83          -333663.73211775959      
83          -336785.51194458635      
71          -267137.75745300145      
77          -290367.75115082215      
82          -316893.4377594589       
81          -314501.4063634823       
79          -298861.71766718954      
82          -317230.92160324514      
79          -300388.33876201778      
78          -296297.48190367606      
74          -271672.40832504001      
71          -242916.66290816752      
73          -260980.84582956322      
72          -245881.59723265172      
75          -266577.64750507532      
74          -254848.12505601742      
70          -240548.78209847951      
81          -305912.14339815872      
81          -304568.37053094729      
85          -331636.05002956657      
82          -313319.95487292984      
80          -311126.74368655268      
79          -313914.98506757047      
79          -309699.16816402855      
75          -282236.31785537896      
76          -282973.54984314949      
82          -321599.4500444688       
80          -304692.52626830526      
86          -340144.52269488014      
82          -314980.32812711765      
80          -299142.83156617318      
77          -270069.31240246742      
73          -247475.38563666731      
69          -230845.14323481405      
73          -255914.09017713528      
80          -292699.77666668466      
76          -280127.27097150165      
83          -315225.79843219469      
78          -279363.39662575914      
80          -295029.00839663192      
81          -297606.15409033705      
77          -267655.07963629073      
73          -253562.94226528655      
74          -257707.5017357241       
76          -273259.22158203286      
79          -294002.87450508942      
76          -268695.6072091817       
74          -263116.28460514464      
75          -264352.17940427444      
78          -281043.73092318728      
84          -314656.04234929971      
83          -312324.61713620194      
77          -274720.1721953958       
74          -255719.9204669586       
76          -261624.02980503737      
70          -233186.56717844188      
68          -220285.43551795415      
65          -204626.59162740657      
69          -228675.48971850376      
74          -252857.5577381803       
69          -219592.44464668742      
58          -163860.96929469003      
71          -229077.54758689919      
69          -217966.77956863859      
69          -225051.75762535227      
65          -201982.46156005649      
67          -205262.22251313989      
69          -219482.7263278215       
69          -229027.46228674107      
72          -238874.27957726858      
74          -253367.44552499172      
76          -274341.46729745105      
74          -261645.10318689738      
68          -225499.53923198965      
66          -214413.52325673835      
58          -169889.54786301742      
59          -178235.34673472249      
67          -216152.89228550997      
76          -266743.68313311419      
73          -253311.69749732461      
76          -270271.09457324131      
76          -270729.26823638851      
66          -208991.87625542691      
69          -230319.66524643707      
65          -209605.03363424202      
75          -261332.96890829116      
76          -259262.32834664817      
72          -250524.38672077598      
76          -275982.38627226447      
73          -261744.06749420881      
79          -295829.73426564981      
77          -290865.9246431691       
83          -332000.05477312335      
83          -330306.45073309977      
80          -304129.29798078927      
75          -272168.60073547094      
78          -292074.11138939351      
77          -285774.65405002143      
71          -239939.65990081569      
73          -241015.46175091443      
66          -203456.07985805048      
65          -196971.52040556469      
66          -209104.31395431879      
64          -216440.93138111115      
65          -213866.96386261101      
68          -218730.2207606984       
64          -194771.19462837538      
66          -216096.62059708373      
69          -223333.33836468752      
72          -237235.43224185338      
72          -232068.86502579509      
81          -295267.28998654272      
80          -293075.43180273875      
75          -258113.2327603595       
74          -250815.13809970062      
79          -275407.53968229023      
77          -265940.45333247306      
76          -270486.36350059183      
76          -262129.64081359602      
74          -252469.86663926899      
71          -229509.05316676892      
64          -206445.20996067929      
66          -212481.70145604073      
64          -204401.67994245567      
61          -185112.67004897055      
62          -181180.11059259358      
68          -216154.38009833032      
62          -177056.6763828581       
65          -187621.20659653301      
66          -202006.09985024965      
68          -215507.43484226067      
62          -185497.34793338092      
66          -204460.59800259885      
71          -232242.42752189087      
70          -226960.36938598577      
69          -219772.67372379807      
72          -236595.81418096981      
79          -284627.25805575808      
69          -220207.30824744448      
68          -213028.33010211634      
62          -188519.91213224721      
67          -204469.48707302913      
62          -178254.00430526648      
61          -168607.48801761583      
62          -173249.9299387919       
55          -149312.89947957546      
51          -137649.99603325367      
63          -190578.92903615267      
63          -187351.32172734343      
63          -190951.38632695924      
60          -174705.37431610472      
68          -207689.43135538601      
74          -253343.51520166275      
78          -274075.15960340883      
68          -224461.89964994634      
69          -229444.02679772343      
68          -220857.28215930614      
66          -214052.72731319311      
66          -214135.90627506434      
69          -224551.18234336135      
71          -250097.20272955889      
70          -236507.41792781014      
68          -234139.11704680356      
72          -246214.42575199294      
79          -283191.62529542187      
75          -264588.1101651474       
71          -251259.1883242882       
68          -235015.59630754509      
74          -262333.26387811918      
76          -265526.38212690072      
74          -254070.48696664549      
72          -231784.45509363257      
74          -249765.08972720598      
77          -275828.10352872883      
79          -291645.99716397742      
77          -277134.14963174396      
77          -270684.77531065734      
83          -313539.38903035823      
79          -283115.04778361757      
80          -296077.24474274326      
80          -302307.95086694014      
75          -266761.34152167273      
75          -248840.79327250228      
69          -218931.05516275909      
68          -212360.25132365208      
67          -206389.47018955709      
69          -220225.50311932885      
68          -212261.3414852501       
62          -197136.951645397        
66          -216459.26039349992      
67          -215647.22350752624      
68          -225017.27609728996      
68          -223857.9486874034       
71          -241724.23261403886      
78          -272087.02289619029      
77          -256195.59915220624      
74          -240114.74570468595      
81          -291379.36951303884      
78          -278058.61446721858      
81          -294610.29981011414      
80          -290579.97588983993      
76          -272322.12097456009      
77          -281611.96977541794      
72          -246343.7246598315       
74          -266143.04166490841      
77          -286158.27759145672      
82          -316580.6367614484       
86          -339044.60944229865      
79          -296031.04938743118      
75          -274558.27554497612      
76          -287872.32803885202      
78          -298721.35380169947      
74          -267760.78773615911      
78          -293009.75314795366      
84          -332262.45826571016      
84          -330850.46305562102      
83          -321669.20320515666      
85          -330055.24082930619      
81          -302772.73173721519      
79          -296452.83075679623      
78          -293260.04008955642      
84          -333656.31227429624      
83          -328593.08014601027      
86          -335922.41240382753      
79          -289364.78965298337      
81          -300400.40770036815      
75          -255975.28358951604      
77          -279690.02800094825      
70          -238444.64289590649      
71          -229621.04463522029      
70          -226758.64559878089      
69          -228355.17777964528      
73          -246327.46696105713      
70          -226208.54171247853      
70          -227692.57005077897      
76          -261129.38651624459      
72          -244250.60309425893      
73          -246508.15396378486      
76          -274142.00897505454      
79          -290281.17824906163      
82          -307808.65113652678      
76          -274327.13844385819      
74          -267306.21658445365      
76          -269156.88067231246      
75          -255870.78106882583      
71          -237804.25759478417      
67          -217170.27381406171      
70          -235696.51057641595      
68          -221402.54174406535      
67          -217721.3400942403       
65          -197955.77524956453      
68          -226912.80844891799      
69          -228679.75022948117      
77          -277702.11807508057      
77          -276731.87317876727      
77          -275199.81529762468      
71          -236764.28940587529      
76          -267697.39155127073      
72          -249554.36610949406      
76          -280481.62775322457      
72          -242795.94494581126      
71          -238592.63642362301      
73          -247320.56201931497      
72          -247022.63992071088      
76          -264042.69018921669      
79          -299100.10345624492      
80          -307029.41054120369      
81          -311194.19263565837      
82          -319042.49287674477      
79          -295265.82090115827      
76          -283469.05918439868      
81          -309674.24044220592      
78          -291178.07723781996      
77          -288439.24892201426      
82          -316417.76678093814      
80          -302401.19324086339      
80          -301643.78507654823      
85          -336622.10745251121      
82          -310307.06932438811      
79          -295039.54845658538      
80          -299149.53866872581      
76          -277771.5105239051       
75          -271116.23911161703      
77          -283150.94354674034      
71          -240901.56938224242      
74          -259695.78046796648      
77          -286573.98583689716      
80          -312085.6387260984       
80          -310947.61938574706      
85          -335282.33059852733      
82          -315413.03882328997      
84          -333630.97759308032      
84          -325980.93808337668      
82          -312259.33027062798      
79          -302608.0483633359       
77          -281119.04578756756      
76          -272248.99785435753      
83          -318180.23707054474      
84          -320996.67657712038      
83          -310197.65098543081      
84          -315658.37870201922      
81          -291867.73370647914      
76          -265521.68379051279      
75          -258230.69369114737      
74          -250097.50913536642      
67          -221108.15005888275      
72          -244061.69733465702      
72          -245354.75745454227      
67          -218458.47537030227      
73          -247324.84501840977      
74          -259019.29621011799      
79          -294001.28477815969      
70          -242693.9794942243       
73          -252132.34111456657      
72          -243244.62855260691      
70          -232642.47050608584      
72          -233505.4846081037       
71          -234176.11409827525      
77          -276814.26826515829      
72          -245875.55726171113      
77          -272900.51853050652      
66          -214349.00181926219      
72          -243433.6631226725       
76          -262231.82687627757      
69          -228366.88584841555      
73          -250803.17517269452      
78          -276912.3737970576       
76          -263448.83914475056      
65          -198433.77836787215      
67          -205216.91105607557      
73          -240418.39769604724      
71          -223869.93787330569      
68          -214044.76160764741      
73          -249930.10221778438      
74          -256939.15178311907      
75          -260642.83276782991      
69          -238777.54587418406      
68          -233332.62007133898      
71          -240155.46614116657      
76          -265598.73720092745      
75          -253715.0554606115       
73          -252133.5955466642       
78          -287771.48144697025      
77          -284833.10745264468      
73          -259207.87076624058      
71          -247465.18915643773      
73          -261907.86407516705      
78          -301714.52723179542      
80          -306963.23928609543      
83          -318171.44037441042      
79          -295687.52209089353      
73          -249633.04582409287      
75          -260011.71774260103      
75          -252494.64095126107      
76          -260051.99769510902      
70          -233610.52264891134      
70          -246247.79636770469      
75          -266906.74629300402      
79          -287885.92761937325      
78          -283489.28615060146      
81          -305578.51071512833      
81          -309462.05811011256      
75          -278931.08384074498      
75          -267915.39849202143      
73          -258670.55870854054      
76          -284316.25087505899      
80          -299767.79384748783      
83          -312767.34606895241      
78          -289877.51102974033      
76          -277163.62375369197      
69          -250101.90613401093      
69          -239182.95328140605      
70          -253077.45529571082      
76          -278701.7624750149       
79          -301860.60324555112      
82          -314353.62901407853      
83          -324296.82029358228      
81          -310100.82424676511      
83          -317849.5436794766       
80          -306023.78323164192      
78          -289923.81469808368      
73          -264706.86540001672      
73          -258386.82626411665      
73          -259172.65147724832      
75          -270427.45243964304      
75          -271431.52060616738      
76          -271305.04535230948      
74          -256625.37577633874      
81          -303419.23710944213      
76          -274111.40309247695      
74          -252432.32921066222      
78          -286833.24909627193      
81          -302417.25187436119      
77          -277446.57720035891      
84          -324232.61548378906      
81          -312480.72259889077      
81          -313609.24763031153      
85          -344671.80947612732      
91          -383240.75103520346      
89          -366611.21405147505      
86          -358014.6355443155       
81          -330329.67319036805      
82          -333678.14550005511      
86          -353888.09948362655      
82          -321967.14231409534      
81          -324742.96051801869      
83          -330393.58184582379      
76          -286335.42904464738      
77          -289204.16711978696      
73          -264672.50495988963      
71          -254999.13458474513      
75          -265991.94570348313      
70          -237481.23661289227      
68          -228369.41173579244      
73          -250350.44300393559      
76          -259662.38513394477      
76          -272992.07606592798      
78          -276076.89963582507      
72          -243579.83210225377      
69          -221437.01738085912      
76          -272345.89765833347      
77          -278844.93973068096      
80          -305484.442061521        
75          -271552.72131944686      
79          -299370.92067457811      
75          -275064.1450370485       
67          -221831.51068153913      
72          -257050.39661389409      
68          -232441.27176795344      
65          -220689.62755077748      
69          -245150.59189443628      
72          -252025.15832471618      
82          -310707.24661940621      
81          -306877.84097988677      
84          -327459.92112090974      
79          -287294.95708528516      
84          -319997.80837992905      
81          -301270.04821817949      
79          -286361.79395107058      
81          -302597.85827685677      
77          -277893.16099638608      
83          -312890.98499520973      
83          -326078.38844424504      
86          -344156.03484075441      
81          -307833.89643967373      
83          -328843.71576784889      
82          -326450.24425908143      
81          -323960.57851416396      
81          -313117.23901074223      
85          -339235.64500341302      
89          -366254.51533218136      
84          -341626.29707863339      
82          -323954.33673721814      
84          -331186.52736900473      
80          -299744.5759623418       
80          -312453.86093927949      
85          -341585.21825595369      
86          -354838.99638415611      
85          -338447.86720463214      
85          -340825.90031374036      
90          -382195.58996877336      
89          -380123.77966015908      
89          -377552.95521226223      
92          -399187.63724897744      
92          -396731.98952131096      
92          -402739.22330522945      
86          -363601.57507035241      
83          -345841.13338323106      
84          -344328.45733046078      
82          -332833.30195206951      
86          -355774.46184944781      
89          -372892.81266967871      
86          -352081.93286596029      
89          -378567.97154297022      
90          -385970.08017875411      
85          -349113.04913801543      
88          -373046.67068308545      
86          -361254.88696487714      
83          -339828.36703036842      
86          -352831.78895135253      
86          -353328.47019819252      
84          -338896.20708589494      
82          -323361.15635026363      
83          -325183.60595994076      
85          -337514.75045947119      
82          -323053.66641297261      
85          -336128.28465377941      
84          -330058.95317748038      
80          -301949.98777185794      
74          -270254.26016487181      
82          -307687.37954789429      
86          -336913.52034493425      
85          -328848.60959303856      
83          -321038.21675553906      
77          -283783.75620253134      
77          -272838.37662145589      
71          -240213.19167650858      
73          -250294.52137748382      
75          -255544.51030482823      
73          -254781.09996055561      
73          -256032.36716593249      
73          -265464.61904937011      
73          -261741.51471575964      
76          -276071.33223348         
71          -252429.09277524878      
64          -217438.49191067851      
78          -291654.00520093844      
82          -323244.53649332543      
78          -291455.70617583388      
82          -315870.78553180076      
77          -286077.39373180212      
77          -277489.30304774921      
81          -294602.95801208081      
76          -276854.633628571        
79          -291549.53150793869      
82          -308736.65050027758      
76          -275216.33704048605      
75          -265134.98032049503      
80          -293360.58814831584      
79          -284860.06142202852      
78          -284269.41434054635      
79          -286774.75016510248      
78          -283987.43052448105      
74          -251931.25885137299      
79          -284545.48107507278      
78          -289552.98229013721      
76          -277571.44981221337      
76          -279317.76122440083      
82          -308972.92627113307      
79          -297953.44331683003      
78          -295668.02467878617      
79          -306138.66654714855      
77          -291085.18376896007      
80          -298519.25528259488      
78          -281599.55009634065      
78          -281300.46191068273      
76          -269199.11407567235      
76          -258511.18948292057      
71          -234492.10725376644      
72          -238267.11736281449      
71          -240668.08458788221      
57          -161286.23404429411      
47          -110763.88887972868      
39          -77567.522311994908      
51          -139595.22524961655      
44          -97127.373618347789      
48          -132024.82945447252      
42          -96308.533124578971      
46          -102068.56636078634      
43          -94956.35132214085       
40          -76314.271374173375      
32          -68635.823622770768      
34          -61849.152866462202      
35          -69844.968537963083      
22          -27356.961459678827      
17          -18981.499344690103      
10          -11078.708620866204      
8           -5061.0325793673919      
9           -2403.6094831050914      
7           -2923.1441452216759      
12          -4812.9518011658083      
27          -37164.290979708639      
25          -36371.201152854614      
31          -61609.982501423168      
36          -64280.421035324776      
54          -141773.57894199895      
57          -155491.86991015926      
59          -168477.25050518292      
68          -212561.21671999691      
67          -215762.28235339216      
68          -223064.68576283706      
67          -206942.39054142334      
61          -183251.00597362165      
61          -177650.62473688199      
69          -228414.66419266173      
69          -224764.29416615586      
72          -237930.41697051935      
68          -222294.78129188367      
75          -263451.49432498496      
74          -260960.79848723669      
75          -252439.19758811971      
73          -244840.37526443982      
78          -282247.02331901097      
69          -229403.49171745812      
68          -223729.1459539377       
67          -218355.75204700569      
73          -248408.42672425476      
60          -194233.51973012817      
69          -233395.21282182389      
72          -239216.83214954252      
72          -247993.44895714693      
74          -258344.35155051251      
78          -286110.35272823914      
76          -283666.43643939064      
80          -308923.81274832797      
81          -318639.06862905069      
81          -317500.86460727669      
83          -332867.72604924749      
84          -335775.624393826        
79          -311863.24090275931      
80          -301334.38624905795      
81          -300327.42119699722      
79          -292135.74678082479      
78          -297763.66530348203      
81          -310214.07505983312      
76          -282127.73202764848      
85          -342238.65252212837      
86          -351728.83672152623      
88          -365411.19449040171      
85          -344894.54844475439      
85          -345861.48685663141      
85          -345687.20790395362      
84          -339324.82354155893      
82          -322489.04624721728      
85          -348856.22456686228      
87          -351421.131922637        
85          -338068.8515568219       
84          -326322.34892916353      
81          -306755.60501312424      
76          -273566.92031744763      
75          -267238.97928076936      
75          -263092.95618039521      
76          -270249.75935863372      
84          -320417.64757910738      
84          -327592.0655033529       
79          -286579.77660367516      
72          -249246.06419912874      
73          -251923.1313834076       
82          -311935.28683056886      
77          -282593.42767753068      
81          -306578.15992351185      
80          -302459.71518073487      
78          -277919.81398630864      
73          -255821.53885115255      
71          -241225.75353752475      
76          -270224.07852099329      
71          -248271.0792203474       
68          -222993.4899889722       
72          -246920.67620223103      
74          -257003.7014805676       
73          -254633.43405470456      
73          -252818.19059671057      
71          -233511.21560475914      
65          -200840.9381615094       
67          -213576.33257843088      
66          -196758.56178980289      
65          -195249.22051765848      
61          -177526.71044660424      
66          -201291.71040085718      
69          -219121.39273014423      
74          -248515.57845414733      
69          -217098.99173025897      
68          -203678.43529577661      
72          -227936.19448631202      
71          -224546.96743738599      
71          -228985.28780659073      
