680 1 -6365 40 40 40
70          -236706.49329076         
71          -250633.2925082256       
74          -265571.6850846915       
76          -272967.11661173525      
74          -261727.45416007427      
73          -259921.40940147921      
72          -247865.8413142066       
70          -231198.61874217109      
70          -238147.08298770309      
75          -264423.96200632112      
73          -252181.09026714897      
73          -248790.41714422868      
72          -239533.24230651523      
67          -209388.56080238774      
69          -214011.0917575096       
66          -215102.89050382067      
66          -213402.84561636066      
69          -222697.78499857249      
67          -216592.32506097507      
65          -210390.0466673777       
71          -243391.86265062273      
75          -270022.53323354729      
75          -269506.20788147248      
72          -252704.33039595882      
71          -246621.83203607728      
71          -249526.20529251895      
74          -269784.08566871309      
74          -271689.70819235779      
73          -260571.09897244896      
82          -311380.20147649554      
82          -308197.61225773225      
79          -293944.9622229985       
79          -294082.45581841026      
81          -309121.3759549121       
80          -297749.62502266606      
76          -276765.23000709963      
78          -286100.10009852459      
75          -275418.93621425575      
74          -280558.04545867653      
78          -303717.50364311854      
82          -314599.87884795043      
83          -327674.00193908368      
83          -322958.71388281812      
82          -315018.74605128908      
80          -302934.45195655635      
83          -316038.86257875018      
79          -286860.45773142681      
77          -272670.40080082475      
72          -242340.40556448017      
76          -264259.14554430277      
74          -260690.93417056458      
74          -260609.82435373153      
76          -273547.96647298348      
74          -268618.35413744795      
77          -277638.93609082489      
74          -260282.38392546366      
76          -267457.91196980746      
79          -289864.84858120512      
80          -300451.97149985965      
81          -307013.04405818868      
80          -299818.98777250608      
75          -266426.15615012671      
78          -279996.70760333334      
73          -254333.93599809732      
71          -242363.72548735779      
71          -246705.35373898176      
71          -251618.08908844346      
74          -261807.84266915495      
75          -279601.64477074484      
79          -301846.08801269671      
79          -300268.99730432662      
81          -309318.85913588497      
80          -289847.32774111483      
77          -277604.89654045709      
81          -303001.55354930001      
78          -292761.64187300159      
84          -322711.4310759168       
84          -325867.95098412427      
81          -311198.55995100318      
85          -336548.00034430757      
81          -310443.6419331861       
79          -293983.91405185434      
78          -297007.3052911039       
73          -269846.59278055892      
78          -293131.70092718734      
79          -304035.83433791576      
82          -319797.48580128612      
85          -342040.87801879627      
83          -330807.85670812993      
88          -359818.38164368703      
87          -356025.32979182189      
82          -323559.06891348114      
83          -321088.83360469149      
85          -332784.48954184056      
87          -346466.55204016296      
84          -322949.20360440545      
85          -334457.83730101021      
83          -322395.99371764145      
81          -308087.42760215851      
82          -305907.62531184818      
80          -297410.46383798221      
79          -294020.46908602933      
79          -291075.78219017608      
81          -301455.50552585907      
82          -313393.2451829944       
84          -323112.39412955899      
83          -327059.29727145779      
86          -342628.77152579714      
88          -358355.07603900082      
88          -358563.13157443079      
88          -364720.26942615607      
88          -355154.83486060676      
87          -349431.05926799926      
79          -301807.36638416909      
80          -305929.54079344607      
82          -323649.91203491687      
84          -338578.65333135938      
83          -323854.47550972801      
84          -328270.28026681824      
84          -325417.77074995346      
83          -320597.42638114252      
76          -281025.44225477817      
77          -283613.4255982234       
75          -276807.42354523868      
75          -276560.14745844138      
77          -283050.99106234271      
80          -306803.4410404645       
81          -317907.59798440698      
83          -327862.87718243524      
79          -310092.94490954856      
78          -311156.52852808731      
78          -315039.89538730087      
80          -315329.34829035989      
82          -333046.22817967169      
79          -314673.86462409224      
82          -326778.41902566835      
84          -335849.82103083155      
82          -325714.42269373994      
82          -324728.8449038525       
86          -348364.56591841951      
83          -337758.35627718898      
88          -372186.51098688773      
85          -349071.82550079079      
88          -369444.93088705943      
85          -342256.83979121363      
83          -327484.41799687874      
85          -337175.20090446604      
84          -328442.82156972872      
83          -321611.2878828065       
78          -294326.96302793542      
80          -299572.2565968929       
83          -315319.92043431278      
82          -310883.10587212414      
79          -287455.52596384264      
75          -263323.56288644223      
71          -241333.44315579618      
78          -281208.00061778241      
78          -284694.86272145907      
72          -246416.93103829218      
72          -244316.25185539221      
75          -255803.22797567709      
76          -254620.03233926496      
69          -221539.40268055038      
74          -243211.82112290754      
72          -236899.02682346082      
72          -234564.99241019035      
72          -235780.0403560501       
65          -209808.82596320377      
71          -245272.10944859314      
74          -248402.65476073773      
67          -213340.97730970051      
67          -209034.98221840139      
66          -200274.44005817076      
69          -214529.46893486488      
72          -239126.29035494046      
75          -256528.34200404305      
76          -261617.88888257858      
77          -269170.26637724799      
79          -271530.16720450303      
75          -259426.7039776741       
73          -242460.8177164259       
72          -239669.56217809964      
74          -249002.29191443353      
71          -230661.82688527854      
71          -228508.36549680226      
71          -220895.81589853499      
72          -228536.2860744597       
68          -214532.84975656032      
62          -185018.33706143193      
69          -208044.71513525309      
73          -232787.32470381472      
74          -247714.35950212137      
67          -212383.87401920318      
67          -213492.30938298575      
63          -195643.66302084041      
66          -203140.53596591006      
63          -185846.77551676967      
66          -211558.88195735164      
67          -219627.1405483704       
73          -255165.29533346338      
74          -260499.64519064591      
73          -255837.66658536546      
74          -265485.73793681792      
74          -261067.20400644644      
73          -253644.87344287898      
66          -219687.07951209045      
63          -194724.08171867748      
65          -197904.67144411706      
60          -169607.69928197013      
60          -176604.0516401708       
63          -181028.60233667408      
62          -177057.32925792164      
58          -169373.22528615218      
67          -206132.58177070523      
68          -215719.7608906081       
57          -172833.70609954905      
61          -182248.13550887711      
60          -179471.02069661714      
66          -207662.6323022852       
68          -218477.39193586048      
69          -217027.84281705678      
71          -220971.05154359006      
70          -228090.24437338588      
64          -203360.42987717906      
69          -232283.80823716903      
70          -230189.37199930265      
70          -226891.04187519345      
70          -223765.09868560638      
68          -215583.68049443755      
71          -237449.91617789603      
69          -219280.14078745595      
71          -236437.32808735906      
68          -220303.27361792483      
73          -246284.06143288445      
75          -259301.65428305097      
74          -253922.67377073981      
74          -260752.55127973782      
75          -273441.1461667734       
74          -260864.32357674235      
80          -293033.26473469887      
82          -310576.1395901725       
88          -350433.28476758674      
85          -336931.09297073743      
84          -330292.82699973101      
85          -337138.19294752181      
83          -328831.51886917889      
87          -346667.70653817104      
84          -326141.17228102824      
81          -306950.95893844333      
84          -330621.27999392         
83          -328807.24295618222      
87          -348425.05800875078      
87          -349179.53256967221      
88          -353486.61019942892      
88          -352909.95723873598      
85          -334515.86281330575      
83          -326216.34009813576      
82          -317208.78474458132      
80          -295398.72559957276      
79          -287788.21714130492      
80          -297200.07333305903      
77          -275267.1961941261       
71          -246130.29142953677      
78          -281617.39642912481      
80          -285455.32783813257      
77          -264112.31122331455      
75          -255496.65573462864      
76          -263504.67420225154      
70          -232694.07250051171      
64          -197159.65378253424      
62          -190306.86396611299      
66          -203535.88213086006      
68          -218160.6356916361       
69          -233364.13215961875      
65          -207938.86014542746      
61          -189362.84015754043      
67          -204977.22913627638      
68          -227606.40648568943      
67          -224769.29473361309      
71          -248070.04679947594      
78          -289739.88656345347      
71          -254539.1137673138       
74          -268650.2198446148       
73          -275039.56383351749      
75          -277673.06207553472      
75          -271366.82032151625      
78          -280741.70995418704      
78          -279260.36517977773      
79          -293137.08122910932      
79          -293571.57565157244      
75          -268682.81039103307      
72          -250019.68175416032      
73          -260267.99407018677      
77          -281670.760055419        
82          -312776.40508192749      
85          -337209.1287813416       
86          -343410.45568376378      
83          -326998.87238318985      
84          -325961.11500488751      
82          -308673.41831655137      
78          -295199.72445799812      
75          -275455.60488249949      
75          -273580.24103894673      
75          -267237.93111975311      
72          -255525.19128773117      
75          -274122.25424602919      
78          -289501.06221309578      
76          -281599.2076813567       
74          -264264.97880024451      
70          -237060.41095452695      
74          -255452.8288277525       
70          -235228.42796774529      
65          -213928.94228646741      
66          -222588.38051127741      
65          -218660.61873573222      
68          -226836.825449967        
66          -223539.55243519307      
67          -231973.39872031461      
68          -243385.56228308665      
69          -238456.55029871257      
69          -235232.80281564739      
74          -261890.13504332385      
70          -244859.99002705418      
72          -256795.66883345105      
70          -252357.79098356297      
70          -244875.00782690229      
70          -252108.04629878022      
69          -237963.97465324902      
69          -241805.80980789362      
70          -247266.84875229845      
73          -255009.57125434891      
73          -251075.87294884163      
76          -268757.56836365617      
71          -244050.34823436168      
76          -260154.5757461809       
69          -224426.18873456074      
69          -228734.05623845238      
72          -246533.69538884898      
67          -212924.12770735219      
72          -247180.36923014195      
75          -263406.16029123036      
75          -259018.26758125081      
71          -240330.70950233517      
71          -234702.1622163195       
71          -230691.53902654134      
69          -217147.00246342266      
65          -197947.04150705191      
62          -190274.59339801903      
70          -225600.28312158884      
73          -248136.46009683647      
70          -240321.70635778093      
69          -242772.10396713621      
65          -224149.07315687794      
67          -225605.81869923434      
70          -238475.95254990619      
72          -247402.86456980687      
76          -265921.11024758482      
75          -262819.3351130599       
81          -288906.20296798454      
78          -273909.43154687842      
75          -256385.9775601853       
78          -272870.42337451584      
69          -227889.12340164394      
71          -237444.50594770254      
72          -242722.62077778814      
75          -266536.92150617484      
76          -266389.0034373838       
74          -254775.43555808908      
77          -269319.55503109383      
78          -275669.48468213464      
74          -254978.91818940465      
74          -255359.70904006349      
80          -295341.50140227569      
81          -303270.48675455485      
83          -312808.77390852972      
80          -295233.65835024521      
77          -277943.62837319571      
76          -266399.70582227909      
69          -233498.24082953203      
72          -249170.03166716796      
72          -240005.81824755101      
69          -227985.84494217785      
74          -250617.05253329533      
72          -237180.22609517782      
71          -237957.50090963361      
74          -254589.26392707287      
69          -225614.93539009322      
76          -263412.02917152259      
76          -265666.82565052487      
76          -270676.64241705014      
81          -306652.20307775959      
74          -267419.02938120061      
69          -230881.23682125742      
67          -217013.49812872513      
65          -206232.35519312398      
63          -199155.23759279988      
62          -201256.16031905508      
71          -243022.20611431528      
66          -212926.88157259725      
66          -211936.1692530298       
70          -244935.49389648394      
73          -251394.52454284727      
72          -242061.82496097885      
74          -254368.72738965388      
70          -222246.55811586467      
69          -221277.7141298166       
65          -208809.12539499329      
58          -172316.11902473297      
62          -187420.39712470557      
56          -174125.55076204438      
56          -169166.27847743561      
62          -196138.88802656124      
62          -193803.76522842946      
65          -203272.36948913519      
69          -231437.99770503875      
71          -242743.68067303684      
66          -216936.37771201678      
69          -230701.6929263834       
76          -268628.94033469463      
78          -277000.56716568029      
75          -262756.45869909681      
78          -281463.49860830035      
78          -274627.53959342162      
74          -251876.03186165573      
72          -235418.94839191801      
71          -226309.73033901304      
68          -211243.06590819469      
68          -208146.59885439969      
67          -210096.20884991667      
71          -238967.05754975043      
72          -246720.47469655852      
76          -278290.31339006987      
76          -272737.29395603604      
75          -264137.79367587343      
78          -282168.16477588617      
77          -282939.30523945519      
74          -269828.74762278446      
75          -273899.50982777349      
79          -295453.10858676949      
80          -297432.55992061133      
82          -315964.89853028045      
80          -295888.3656241782       
81          -301277.04107095726      
74          -263876.62591355469      
73          -262256.81518355908      
77          -287153.7316160209       
79          -302934.23699558817      
81          -313845.19723698887      
76          -282639.74229338486      
76          -282301.59748900903      
75          -283534.66457669431      
79          -298007.13471064984      
81          -308878.62785931485      
83          -329596.65735124855      
85          -345857.75089748192      
88          -365600.12989151163      
87          -358895.22512119706      
88          -361786.21151660196      
84          -346628.21457332728      
85          -349773.14541713253      
88          -363911.23176282609      
90          -375716.88709464244      
89          -364942.81111425784      
83          -337784.61221423221      
87          -361289.24585403001      
88          -364154.0043450332       
86          -346884.85363216803      
88          -359367.90635643055      
86          -353279.2120465872       
88          -358733.84066508239      
91          -381299.74958589923      
87          -344572.01626320835      
81          -307623.92671667156      
81          -310833.1679031325       
77          -293612.87981821573      
73          -261988.17329504914      
72          -264450.36805103434      
71          -261372.35557952322      
76          -287290.2496939752       
75          -287506.63676156919      
77          -295650.02150897495      
84          -337986.29980805021      
79          -307398.5189186199       
81          -316315.03776307724      
77          -293436.37027680496      
82          -315820.51912718028      
83          -328833.35311660863      
81          -312861.57852781995      
80          -300944.64944130357      
84          -323209.92297836416      
81          -306950.52659287845      
83          -317769.46995136567      
85          -338844.833262378        
84          -326830.54875198775      
85          -335604.199368731        
82          -318931.58684554207      
82          -323724.25436557591      
82          -318468.91728022072      
85          -336249.42820911307      
86          -345485.5879645138       
88          -362290.89933549287      
86          -347552.77686430659      
86          -345483.76341993938      
86          -348498.08127065044      
85          -339273.44406867638      
85          -334093.9365104523       
83          -319252.97431301838      
84          -335634.96901348501      
81          -313119.63765944284      
81          -307212.77215150365      
82          -312166.78991677822      
83          -318256.33498538617      
84          -324496.65515722806      
85          -329649.06225603126      
82          -315382.70201056718      
84          -332349.86236706411      
83          -322865.67572868976      
84          -331360.12831820955      
85          -340920.95493226044      
85          -339700.5471943625       
86          -347016.03977358021      
82          -324070.57737832202      
82          -320961.87947053468      
81          -313532.73389023566      
81          -311739.7471469093       
78          -285422.03564411402      
73          -268267.49666362623      
76          -285289.15293051058      
79          -290578.52656949591      
80          -302961.47282490175      
79          -297350.46969720564      
81          -296226.44535627402      
83          -307863.87263329985      
82          -300915.78908196767      
83          -321720.64834095264      
84          -321512.39899540681      
85          -330722.51250565646      
83          -317068.59285492834      
85          -335559.56542650983      
85          -332348.75083724194      
84          -327626.51739363739      
86          -333497.32576212648      
84          -322584.54729975935      
78          -290166.98410630843      
76          -278339.11193372397      
77          -282187.35816728312      
81          -301764.98539379705      
78          -281996.33647324593      
74          -259754.16727807603      
75          -272344.9823012522       
79          -298668.35924171115      
82          -321556.5477096687       
85          -341525.16462336993      
84          -336020.34060554783      
82          -321808.07906143664      
78          -301663.00325061969      
79          -300278.06981168245      
76          -282132.65047158283      
78          -290656.44103912637      
79          -298006.25852727256      
78          -296203.29063629865      
77          -289550.77229713736      
76          -280761.44404750131      
78          -281060.42815311154      
76          -265623.98544018168      
77          -273967.52327086212      
80          -294335.9791416392       
79          -287778.0462209754       
76          -274880.71485052939      
77          -284947.58627032262      
78          -290452.78077266709      
74          -265509.25886828784      
74          -263100.53391475329      
76          -278323.73474729765      
77          -277233.56779324316      
77          -279868.37437566865      
72          -246056.7948070328       
66          -216405.53923508964      
62          -190618.71191013893      
68          -214243.60854202483      
73          -236669.27931849784      
71          -226107.55186827976      
73          -238696.77730571397      
72          -240583.11443886108      
76          -265534.46428964776      
77          -277275.64443021693      
77          -281849.04404757952      
83          -312510.68400503165      
82          -305863.18824516959      
80          -308543.54237232904      
80          -306052.5332973788       
82          -323975.01313536597      
81          -319310.84735924192      
80          -308564.82059276011      
84          -328181.70052763104      
82          -318055.47768857086      
82          -313756.22184780665      
81          -314863.76928768744      
82          -313619.83647714142      
84          -322811.46552990034      
86          -339424.32361412607      
85          -330127.47923752037      
82          -306291.97639579693      
80          -296091.88811129343      
79          -284859.89509098907      
77          -271944.13302709907      
77          -279189.86832296604      
76          -269708.35889196739      
77          -279438.94585159514      
78          -277933.18171074928      
80          -294412.06946665805      
78          -282526.07172271836      
74          -250022.69684065826      
78          -280723.94465107942      
82          -303366.5665411533       
77          -275500.60686073347      
74          -259966.69354994805      
76          -276838.24093957164      
75          -272180.17005327356      
76          -266122.37291554926      
71          -240592.1335503702       
76          -270290.01724981907      
77          -278466.640145518        
77          -271583.43312199414      
72          -249839.53323820711      
71          -244668.18980880885      
75          -261201.72942801102      
76          -273539.67123301269      
79          -295273.33104396088      
75          -264210.69262562547      
76          -272051.54790846165      
77          -275720.63593489397      
76          -266648.23474851053      
77          -273312.07517275435      
78          -272837.47393562819      
79          -277081.07416752761      
70          -228012.51275912696      
70          -229170.67583775698      
69          -224992.75630699896      
69          -224112.42498685303      
67          -208557.44557459166      
62          -183519.91692806041      
64          -192656.17767148933      
60          -171052.71236692386      
62          -175544.92881417871      
62          -186958.84815437972      
56          -164810.72921437694      
54          -165855.75952800448      
47          -141001.66803965063      
52          -155243.99559253088      
59          -173621.9932492532       
57          -161170.71394592605      
66          -204275.74459046475      
67          -206632.01965662133      
61          -170015.38231339672      
59          -162788.23345181218      
65          -194556.97277580723      
63          -183660.11032071663      
64          -188017.97604094443      
67          -205524.54239034536      
72          -235576.27394678834      
69          -226239.02318975102      
70          -229832.54871416403      
74          -254468.1018874328       
76          -268459.58922367508      
77          -273913.59248522238      
75          -259958.17236710104      
74          -249932.52691438163      
75          -259076.78752300426      
75          -258014.21664187792      
74          -253111.83381964441      
74          -251707.15604535808      
73          -248022.1937055992       
74          -256597.94200967485      
74          -257342.17574359372      
76          -263545.34263484494      
76          -270715.91861408175      
78          -275046.22802652401      
77          -269633.77265383856      
77          -269738.71745297429      
75          -263932.74005758943      
70          -232695.01534229511      
74          -256994.88687520535      
73          -233953.91944203764      
70          -232692.79693586167      
73          -232353.85689075183      
72          -231241.02207800944      
75          -247893.97286030909      
70          -223687.26023270065      
68          -212330.75376265738      
64          -187222.06238528801      
66          -198008.18729484052      
71          -226948.03179303464      
71          -235617.14449996394      
69          -215441.90965887133      
66          -197210.70448617914      
70          -221933.82716880864      
77          -258706.88405124913      
73          -239388.96638991166      
68          -211322.43288170602      
68          -207450.83943938237      
69          -211185.28285427514      
66          -204075.99455454983      
60          -174668.96855705397      
63          -182887.29678169428      
67          -196872.63671325514      
69          -208646.47330771715      
62          -181405.46590959313      
56          -168956.27908665049      
60          -177817.71788703499      
62          -185240.33638751818      
69          -229420.41078729922      
68          -219113.99750807771      
65          -197873.85160878068      
63          -193045.1657796783       
61          -163847.91230430291      
53          -140654.74446423032      
55          -149860.749524857        
62          -181127.34118654326      
70          -235345.72567810802      
69          -229239.67202474471      
68          -233032.16876658026      
61          -193040.66023503733      
58          -177293.23925398203      
60          -180336.49020460114      
57          -160095.06356711744      
54          -137290.68929765178      
52          -131083.51096594479      
55          -147762.39883375246      
63          -187400.37380641195      
66          -204523.40852050632      
66          -200971.65923663229      
64          -196771.45271975599      
58          -169339.26660571888      
60          -164288.02326919566      
62          -178996.85368210715      
57          -153903.85361115995      
58          -146073.40658164458      
63          -176633.17799642231      
70          -215989.97230811918      
71          -230518.37771515443      
73          -238965.95836734338      
73          -236341.03740893173      
62          -177883.77383913007      
57          -156306.02539560193      
60          -168996.21671467248      
66          -191664.00580148885      
64          -187786.96714305464      
62          -179412.38365233451      
60          -167892.57441847466      
62          -184417.41412904611      
64          -188681.37678741117      
56          -152763.93658453884      
51          -132850.99003750714      
56          -150733.24200630654      
51          -124545.79810121872      
54          -149578.08581663354      
51          -137985.64069769953      
53          -144886.11703403475      
63          -184279.27265299857      
61          -181653.53250263428      
61          -179298.31350992041      
61          -194375.55498673549      
61          -189566.6006108732       
65          -202196.86133743078      
65          -206825.70655399791      
65          -206385.61384621146      
69          -227652.2756963665       
74          -253297.86865304739      
72          -245136.88499231086      
75          -266852.07643693918      
76          -271108.03534904041      
81          -303203.29904342408      
77          -280352.90540950553      
74          -265739.81043024332      
76          -279824.78983457177      
75          -269376.23976642493      
76          -280338.78613808786      
79          -295323.75030679791      
78          -286957.59879746981      
77          -275520.633048733        
75          -268407.23043776699      
81          -302963.39222798718      
82          -312946.73243870604      
78          -292514.09840370266      
80          -308267.2923793504       
81          -315973.37019449449      
83          -323968.11611847545      
79          -301391.65115851187      
84          -335634.22699370974      
85          -341238.14314476418      
87          -356226.19600856816      
86          -359361.71401997056      
88          -375262.22051303007      
86          -362528.8829030128       
80          -319347.77668729087      
82          -335461.33572774555      
80          -324834.32540007553      
81          -332972.27728166047      
82          -338036.87952456146      
82          -337040.92762668373      
83          -337382.86930316821      
85          -350008.96432245529      
85          -351839.67329168168      
86          -356433.48383724794      
84          -337349.739289822        
84          -339194.9313928078       
84          -335818.13109481463      
82          -324139.84274230915      
84          -332716.45008110034      
79          -298235.74259033473      
75          -271577.75936274632      
81          -306002.08524903253      
83          -322718.27526332252      
84          -325861.94450330484      
82          -316281.87417037488      
81          -309018.34256837715      
82          -308406.55625357921      
76          -284196.17051548173      
77          -291542.59095409513      
75          -277316.82232247997      
72          -264513.40294009744      
72          -261597.94072196397      
76          -277958.08296815859      
75          -275547.35471215681      
74          -265224.54361284315      
76          -281344.43001250131      
78          -285517.45250748162      
77          -280286.75139338628      
79          -296935.02981234895      
78          -295357.61041679111      
82          -311314.63576540601      
81          -310624.19600446383      
75          -269061.3702524078       
79          -286356.2950788436       
76          -280708.10505758575      
78          -290421.26087929477      
81          -308866.18876105716      
79          -302853.28339611576      
78          -300181.75007542461      
81          -314962.11789510632      
75          -276223.42831714742      
75          -279517.09080010932      
81          -313037.28464884538      
80          -310471.23681923875      
78          -291609.08081925544      
81          -309161.0954822026       
85          -334357.41006804572      
82          -314334.80548575497      
85          -334399.93757985631      
81          -306179.35141129413      
74          -259656.7923058139       
77          -275907.65821076575      
78          -280675.5276024242       
77          -273137.1151366033       
79          -290230.35762343608      
76          -270874.0306736292       
76          -268573.01952789276      
78          -282545.61068536964      
80          -294771.18646365433      
81          -306647.92658183415      
78          -285252.24280911859      
76          -277811.55318198109      
77          -281118.10654965352      
82          -308752.67338064261      
82          -306333.17852369189      
84          -312388.6570925886       
83          -306256.96156362118      
82          -305764.99267140572      
85          -320126.90204337379      
79          -294200.94665533182      
83          -316858.01716709463      
81          -308173.68174265086      
82          -314348.08546172804      
81          -303998.23677998205      
81          -310012.33831603877      
81          -303297.82810663694      
80          -296544.96281910967      
73          -252131.13508930002      
73          -250653.50056101338      
74          -258370.74230414926      
68          -230153.42002293695      
70          -248418.83624418761      
69          -236828.83680632256      
72          -239514.47872403957      
76          -260473.62947555518      
77          -280953.77408692602      
76          -282140.0594663407       
79          -301480.32179060724      
80          -309349.4841984394       
80          -303693.39392620296      
81          -311822.6482474198       
82          -315146.63542246108      
78          -293970.69664041192      
78          -290005.13090292533      
78          -285950.44887397782      
78          -284998.14547540044      
74          -262805.8638631113       
77          -270437.90086676256      
75          -261750.05525160441      
75          -261248.6978933799       
78          -278209.90700485092      
82          -303898.22099128237      
82          -307292.58137230389      
82          -310492.52903550927      
81          -318074.15733335121      
82          -318168.21835540305      
85          -336322.25249659928      
84          -337743.53291171172      
85          -340816.53456288797      
85          -349024.19979024137      
87          -352985.86855701037      
82          -324530.52611728397      
84          -341491.6549242179       
81          -316030.83378949878      
82          -334327.18348152802      
88          -362302.39162280265      
84          -339870.86632936413      
87          -353292.21236133657      
88          -366036.00724934682      
87          -352059.66115890688      
86          -350808.08128652239      
83          -329885.24934332923      
86          -348189.31545840926      
88          -361511.95780012576      
87          -358384.44528688729      
88          -363058.2219634091       
83          -341062.37904087291      
85          -353471.13080085284      
84          -341775.79697617021      
84          -345356.72584212973      
87          -363797.8518761883       
84          -348158.95399738895      
84          -333868.51477223891      
81          -318158.17256812385      
78          -297099.02768329869      
80          -307266.27382211294      
73          -268481.88216695038      
73          -269874.23868677375      
69          -236639.05779505896      
71          -242473.14156318567      
75          -259275.75117675771      
73          -252474.16650986802      
72          -243958.28978741399      
66          -217276.75041208876      
69          -226528.63598859869      
66          -215768.8804338529       
70          -241978.90247375428      
70          -235113.59462443308      
62          -199731.00059504813      
65          -212753.91322030441      
62          -201188.40783116009      
66          -220140.26801878176      
65          -220800.34857818295      
67          -227252.13142725729      
69          -226947.35426870454      
61          -205295.89087857481      
62          -213904.95858897621      
52          -159897.44624067334      
57          -173366.23595034989      
64          -197948.37111317832      
61          -190709.03982989799      
60          -203378.0919419709       
62          -206288.01865525069      
61          -185084.98979689559      
65          -196950.63712733955      
67          -221109.85394462917      
70          -231110.01669698674      
73          -252476.6136899282       
72          -253871.17275772023      
74          -265402.41361304937      
75          -272360.74225605244      
73          -264013.04516729957      
76          -276389.68732484162      
77          -284827.51270765025      
81          -304874.32324877195      
78          -279800.01178031851      
74          -259653.12165789862      
73          -261324.37135142449      
72          -264628.85194983985      
78          -290712.25036829762      
81          -306644.49884782312      
83          -319333.02131071076      
81          -306076.03567903576      
78          -295333.57554413797      
71          -260193.05194109899      
75          -277563.34628973465      
78          -289600.82824206946      
82          -316656.2605569099       
83          -319219.06412774097      
81          -309967.17870535626      
81          -311986.85220925277      
82          -316172.88126296061      
82          -317665.18389943562      
83          -322428.73052842933      
82          -321457.62858962623      
83          -324703.1353985928       
83          -327243.88977849268      
81          -313104.42933059402      
76          -290360.37056120962      
80          -308011.13065188198      
76          -287240.80306707666      
80          -306962.69044388516      
80          -307631.98340743972      
82          -320964.78875146352      
86          -341865.53179474873      
88          -341947.87481755641      
85          -330763.15760494169      
81          -306978.61782295804      
81          -304796.8019417235       
79          -294229.70155687531      
85          -324585.58214124182      
83          -317410.96054871089      
79          -299623.13184249215      
78          -289749.45290922245      
81          -307576.86777269468      
79          -308994.70112896682      
79          -306537.12232472748      
75          -274781.10725910356      
72          -259805.50252513195      
75          -276167.53039833752      
73          -254459.81467478766      
78          -283215.10569247406      
77          -276875.55098110676      
75          -279301.43491136428      
76          -284283.49441299617      
77          -278955.15159903094      
79          -298705.3390299473       
82          -322320.66343453876      
83          -331478.99459389847      
80          -311209.71122398257      
87          -356010.06163724075      
88          -361871.20715858694      
85          -341216.39653256774      
84          -323190.94695414521      
83          -314987.54240409291      
81          -305956.34198231436      
84          -329932.04699974117      
82          -315991.07454969268      
83          -317354.97929264337      
86          -328506.53219801676      
81          -300859.34676094534      
83          -313017.45015848777      
82          -307613.35374087148      
84          -320683.00387511106      
83          -318682.91882404964      
86          -344291.13984262932      
85          -335453.30799409142      
83          -322912.87267811142      
85          -342978.09158271627      
86          -349322.51364219183      
83          -326496.28873846692      
81          -308593.51071633975      
80          -305325.42262611084      
82          -318437.67131752812      
81          -312413.70332393656      
80          -298311.87873793679      
81          -302615.02202831657      
79          -295109.90689949901      
79          -298080.15655228903      
79          -295926.23681469163      
77          -285943.37400803826      
75          -274978.07722304424      
74          -264971.72206178342      
80          -293678.97410662973      
81          -305740.1813189332       
77          -285498.36894505244      
77          -281186.47584475327      
76          -275968.06412592833      
80          -295332.11644471309      
81          -300167.46913025144      
71          -245683.9297499567       
74          -258896.12760677104      
77          -278661.385346025        
77          -282696.24584959517      
78          -279135.0041585071       
79          -279066.6411491328       
80          -284601.14476954902      
78          -279933.59037360607      
78          -275833.09582535579      
76          -259945.36345021985      
73          -249549.70248938462      
75          -268081.86316723243      
77          -276274.42779319943      
76          -277623.31435593864      
75          -271562.88556647877      
72          -246699.84310983631      
69          -238375.42984826004      
68          -221376.9132576847       
61          -190669.42300933765      
67          -218879.61582674924      
72          -245159.95613418418      
73          -245603.56033889897      
76          -263665.83940136764      
70          -233126.9101620343       
71          -228856.67192145321      
69          -218100.03564690697      
66          -202489.43061508035      
67          -206392.71980084741      
64          -188606.27261470663      
60          -176201.70730321272      
62          -180044.03444417019      
56          -160585.2388252994       
53          -145375.3974581988       
60          -178977.27155015088      
61          -178323.52610668947      
54          -151269.73213494208      
57          -172151.32640611162      
63          -192473.46229756263      
57          -163270.75702294198      
61          -187699.18619012335      
68          -220985.02997932138      
68          -223424.65915320296      
71          -230891.91590215225      
69          -229245.93172599003      
70          -231167.77111997578      
70          -235116.89887852786      
70          -228792.85247574997      
71          -226527.91489059498      
68          -210691.31255149111      
72          -240104.48766006308      
72          -232586.72452042103      
72          -224747.12765278481      
73          -242888.16510662402      
69          -225240.78637950879      
69          -229220.41805348417      
75          -262001.94247589709      
76          -262053.67676826939      
73          -249011.80302023157      
75          -257541.0269481756       
71          -241911.69827074089      
70          -234201.85911473172      
67          -221972.68581460585      
68          -224989.2489356928       
64          -200444.12814229875      
65          -194158.07526682291      
63          -185359.10040035821      
62          -179866.1430323754       
57          -158826.68221412456      
56          -168999.96880440167      
59          -173206.97563340195      
57          -161003.45560177811      
54          -150622.85396513145      
64          -198767.72095288328      
59          -174516.75018042413      
64          -198115.18730373925      
73          -240234.78390695923      
65          -211068.78039883211      
66          -223390.11938577599      
65          -211695.72810352431      
69          -227071.49779885585      
71          -242022.84682739907      
75          -278663.85537532688      
80          -303875.57497862692      
81          -310252.40038766857      
80          -306203.27162382955      
77          -281528.60601547832      
75          -264980.69468985457      
75          -264729.65483694698      
70          -241756.50121569438      
65          -214980.01955786144      
61          -184735.35492867138      
61          -198873.30802457509      
63          -200316.18052932306      
56          -158245.60808236056      
52          -137884.62004948652      
60          -175157.96410521623      
65          -208974.00854930942      
70          -234300.61389374387      
66          -212824.69256430966      
68          -220960.80359547917      
69          -228615.76704116975      
75          -262883.19043167157      
76          -269526.07071482448      
77          -274976.78537013655      
74          -260796.76191516136      
75          -261758.86492928496      
74          -251744.15281755989      
75          -261962.67299586494      
76          -267784.27837124112      
80          -293254.03363606764      
79          -295150.0910480973       
78          -294092.93949535111      
82          -311191.43701463472      
83          -317579.89783331379      
80          -301326.38825711189      
79          -300353.05106735934      
80          -305150.77151975117      
74          -269390.01396824245      
79          -291663.70645746589      
73          -255777.78126131569      
72          -256073.58079714148      
72          -250032.54600010187      
76          -272861.98322563199      
75          -270137.87990549649      
72          -231051.21057774732      
68          -221325.49850914974      
71          -240242.58527432947      
68          -227820.35265520989      
68          -226736.84666100683      
74          -255561.67391167587      
74          -251729.61730255469      
74          -251418.34643459882      
76          -259139.3061236197       
72          -237126.87539129597      
62          -188232.20460829051      
67          -215176.9866026963       
73          -243605.56146532955      
70          -234689.18761271329      
71          -236178.21427848778      
72          -240698.0068049267       
74          -248319.45241474581      
80          -290299.68223955348      
77          -271159.76355218695      
77          -272809.48490162962      
71          -239431.33558482715      
69          -228280.34650224305      
72          -237564.2069421233       
66          -200676.06603851257      
72          -232662.5161872606       
74          -252863.89505489526      
73          -236912.89009773414      
74          -242272.29021821366      
68          -218831.04221312638      
67          -219481.2843227463       
73          -232862.05751957776      
69          -216000.06897995708      
75          -253044.18052307589      
73          -249069.43716362643      
68          -219393.94953906818      
72          -243013.48982243997      
69          -224200.60312590207      
65          -204410.83355301779      
68          -213396.27330193418      
71          -219546.4121871377       
65          -195403.50977557604      
64          -204314.88745800417      
64          -195185.64679206104      
66          -207732.16209595767      
66          -204299.9049385906       
52          -124564.4170561971       
54          -138013.50648283237      
47          -102066.52937439714      
46          -106065.45064114226      
39          -89420.258700425169      
42          -93881.051961832854      
37          -76147.39448569504       
31          -57799.807753406356      
33          -58716.418345092658      
26          -46540.92725370617       
35          -70514.894587803836      
38          -71919.938040213747      
33          -60930.811012562161      
40          -81789.038738970616      
34          -63841.553355605261      
41          -79952.554776245292      
47          -109528.73197877085      
57          -148589.91714065862      
57          -155315.76168731062      
58          -159369.67770599943      
61          -173450.64270844334      
58          -153014.2625246066       
59          -167173.24010283902      
50          -128166.11114646119      
50          -110993.75646582068      
47          -105414.4239464022       
42          -84535.922758739762      
26          -36348.744272133292      
21          -26950.34889987799       
6           -1468.8125675250728      
9           -4486.2033501679334      
3           -1.9363808688445827      
17          -11182.263238495483      
16          -14937.204472161038      
10          -3579.852050099621       
7           -445.95317042851167      
6           -411.59399133498169      
5           -1125.3456988381961      
8           -3221.7362113132804      
4           -4303.9474551697704      
6           -1316.9040820178459      
18          -23963.213019158065      
10          -4401.7080622518588      
12          -5410.805421738979       
11          -8197.4607854680871      
16          -18044.138585516797      
13          -12258.858260736813      
21          -21518.832627630985      
12          -8376.7026162635466      
16          -18029.367421121053      
23          -34861.033362333081      
15          -10658.080841237568      
6           -1378.233412014175       
16          -12049.426165643727      
6           -1131.807426332462       
16          -14639.923507049476      
20          -17395.096638226714      
19          -19471.61803392844       
13          -11379.722753752852      
9           -5511.341725123888       
8           -1935.3116215858367      
8           -4369.7590800836315      
11          -7490.7714679004548      
12          -3903.8940922900988      
7           -5483.4172447301344      
3           -0.3556098361244317      
16          -11873.481714262736      
9           -4275.1397799856377      
8           -2683.847585466307       
11          -9522.7011473887796      
25          -39301.929418230677      
23          -31350.853862974887      
12          -7307.0933222693911      
13          -12082.731639571408      
12          -8107.2702825441766      
8           -3579.0337837106817      
10          -4251.936287004014       
9           -4122.938352427982       
12          -14435.223119846602      
22          -29948.92116356903       
28          -35448.082062213987      
20          -21128.963077175198      
20          -19205.532897542209      
13          -12448.847332281926      
15          -17373.508645754056      
18          -30456.24833038928       
18          -35249.829891782378      
29          -39169.197827185635      
13          -9537.3824255240961      
22          -22290.190983289205      
16          -15044.282488690083      
11          -12474.13620453783       
7           -3823.7119398401269      
10          -2613.9591993175027      
12          -11454.528738266592      
9           -3904.4813676380077      
4           -1294.6139239372851      
8           -2516.2244325243764      
10          -8213.4039635512599      
8           -1501.696077495789       
10          -3290.6853793552464      
8           -3164.7766467865467      
6           -1172.1676791838743      
9           -6041.4856772305429      
8           -3746.6370473610318      
9           -4641.4073249011963      
11          -10257.704951808944      
4           -650.15495038382733      
16          -9360.2814737436438      
18          -25094.378924882694      
19          -23788.226968341198      
19          -21962.852967246967      
16          -12336.457951944791      
13          -13316.043777145122      
22          -25630.596381052237      
16          -17991.051372444934      
18          -21823.366128594709      
23          -29712.609383308383      
12          -6091.5104821026216      
2           -25.604038133986208      
23          -26731.503027516475      
21          -24915.631252385323      
31          -57188.85682150472       
29          -49545.388467547178      
24          -41409.299396732713      
17          -24668.298541312008      
15          -17672.373962780151      
7           -2891.8090055960533      
9           -2716.1315447503885      
16          -14875.759075828111      
19          -22593.310305698564      
21          -25063.597103529155      
20          -23814.117272398362      
21          -27380.745897661254      
18          -23480.065452969695      
15          -18973.669977891892      
6           -1349.1099592098374      
16          -11320.737515414139      
12          -10441.757439077075      
14          -13030.982981857336      
11          -3128.1257256179688      
13          -11140.854865094123      
15          -10812.90563046876       
14          -9292.8103288532402      
5           -2021.9915611598071      
15          -15269.266124020298      
9           -2878.7296866072384      
16          -18892.204277200708      
19          -17421.63105393614       
30          -48585.788965183245      
28          -57399.770236575794      
23          -37541.154475652613      
32          -64964.245591755353      
34          -62495.816428671256      
33          -64406.122971603196      
41          -86799.983322310101      
30          -56227.933222091378      
26          -31953.394179413415      
20          -24051.179305115053      
5           -4681.5949471411923      
13          -11395.968886476601      
9           -2663.3347143382416      
22          -21567.612632565346      
17          -19585.715240132584      
11          -6846.5284678059597      
26          -39128.711877565489      
18          -26029.003696776494      
20          -21154.488217051312      
18          -18901.129120199585      
28          -52900.214721060678      
28          -49736.134977092246      
31          -58954.904275467568      
34          -60731.603350874735      
41          -98644.623361840364      
40          -92855.32013048674       
45          -123467.67495115989      
46          -111345.80633319097      
43          -106404.79717720745      
32          -50868.771063453416      
28          -51818.067467871137      
20          -30631.265582201329      
14          -9773.9063198423028      
11          -8845.5709804528778      
14          -8748.2210937646178      
20          -32091.019056516347      
17          -20925.497850204665      
17          -13131.354870153773      
18          -17443.039771068881      
16          -14919.155556764052      
15          -21628.867358865453      
9           -6908.2826321272469      
4           -971.05759072954106      
11          -3431.2411571906496      
11          -9241.1694909238358      
13          -5884.2293570625252      
11          -14005.270671124072      
19          -35233.144469943902      
24          -42112.593108834422      
26          -47333.387429315182      
20          -27691.628862082027      
17          -14786.059747187195      
7           -1440.1947231202228      
18          -20353.040288817214      
30          -41070.809620407083      
17          -12658.54711405142       
24          -39233.184093486154      
37          -73776.439434827334      
37          -86317.436344704314      
29          -53313.349146797198      
27          -60728.288378638441      
31          -53296.09012735021       
22          -45257.572967514207      
26          -42525.677216180964      
30          -62959.822365157692      
29          -65462.322357386045      
27          -52423.392487651465      
35          -74262.065898307614      
26          -35369.042182550664      
13          -27693.747634669235      
10          -5749.3267603230206      
9           -6088.9172365122577      
8           -6125.0682830363712      
1           0                        
9           -7433.6086242538058      
8           -10990.571606285481      
15          -9312.6508330823854      
30          -48444.970752273905      
31          -60753.350298701545      
36          -71109.584688161398      
38          -72661.330131482944      
48          -106686.33486818995      
46          -100979.90448515058      
46          -109249.46219900862      
44          -111238.14011513544      
41          -99709.363892688343      
50          -127338.51837749364      
55          -156319.83667837741      
55          -158984.32283117657      
56          -164499.78956830085      
56          -161416.54765602524      
65          -211066.97299342035      
67          -213048.23751781913      
70          -228515.23982027872      
65          -201368.59164460405      
68          -214932.86764814431      
64          -201024.60896955707      
68          -220057.99248357702      
76          -265104.21746044658      
72          -244243.76188877909      
71          -235735.14342099262      
74          -259816.0692450619       
80          -300376.56331864803      
82          -315237.65950455307      
76          -275952.56194560864      
74          -266201.70467660803      
74          -268152.37440356176      
75          -279603.63438222755      
75          -265762.5169874492       
72          -250718.2670353346       
73          -246030.4061126223       
72          -250384.90691408626      
67          -226407.4402749431       
71          -246359.70305894176      
76          -271259.76544898091      
78          -277614.7795511157       
71          -239481.30533128712      
74          -252546.62259840194      
79          -282213.93414902815      
78          -282663.96503709105      
77          -283614.11030640092      
75          -277038.65306275513      
79          -293086.43845793587      
79          -288748.54062465945      
79          -290449.85630877799      
79          -290890.53488239081      
76          -269795.05551014916      
74          -262215.33029793471      
73          -255752.84182033836      
74          -259654.80949274631      
78          -289813.50404972152      
74          -268244.76076797501      
74          -269745.31231982925      
77          -279219.81391654431      
75          -274625.4023355596       
74          -271267.53328904964      
73          -263946.21849083016      
70          -241012.76276085264      
69          -233170.48050397419      
64          -215281.53775663601      
65          -212262.60047724622      
64          -212568.1410632747       
65          -214472.61175427181      
66          -215914.01686528884      
73          -257161.49671578925      
72          -245749.37726471445      
74          -247588.39062714853      
71          -232834.58800574738      
62          -200316.39587883561      
64          -220958.82921498211      
70          -250740.25315335087      
71          -248048.19715933382      
68          -234406.2414588152       
71          -242273.80334058258      
74          -254835.5914063809       
73          -245732.72593030959      
79          -290227.32654053875      
80          -292598.75212209095      
84          -328767.28602700436      
84          -321166.75877838302      
84          -314799.48792338453      
78          -288177.20428033511      
84          -325658.35023797711      
83          -317375.22414561111      
86          -338145.85323082126      
86          -339592.49623885448      
85          -333075.56868211878      
83          -320774.0915200747       
83          -321001.48022014002      
82          -323597.05685373145      
81          -316074.41254464199      
81          -313663.70752362342      
83          -332072.87474072637      
81          -322063.25977691304      
80          -309849.8242173309       
76          -285040.58321853314      
74          -271582.35584797233      
73          -265417.16696514917      
82          -311327.70522339409      
78          -284003.7374041868       
72          -250330.92498609869      
74          -255546.52018475436      
76          -271337.9558920394       
73          -246804.60061120952      
74          -263657.87478143565      
77          -278994.1881569153       
65          -215243.7224477799       
64          -208547.38308654289      
66          -206790.42793212199      
64          -203381.85739623455      
60          -180676.52254079917      
62          -196291.41239339326      
67          -218699.79441655858      
64          -202956.45468946209      
68          -219652.79201148072      
71          -236742.22694344528      
73          -250844.5762816465       
76          -271274.2580737673       
79          -295972.8634122957       
82          -318954.89446780074      
84          -323945.17849016766      
82          -315778.92850240687      
79          -298464.15885866317      
79          -300704.62552334677      
77          -287791.66967860947      
81          -294054.30624239764      
83          -312984.21897628222      
82          -307288.31256172323      
80          -304507.65783682105      
77          -286819.89542050799      
73          -251274.34985406819      
76          -271407.0404367618       
75          -268650.53341057233      
78          -283262.65206630604      
71          -250709.43629832534      
75          -264872.65612154605      
75          -266157.27722364309      
76          -266223.29988049268      
71          -247188.4329456033       
77          -277005.97251841682      
77          -275751.87437394209      
80          -297579.51263925823      
84          -332241.05786002654      
84          -327731.474809532        
86          -339728.15010300506      
83          -325879.81034870498      
85          -347011.08500230004      
86          -355484.62797226058      
86          -352230.65479047567      
85          -353415.10745847702      
88          -368352.29452028696      
89          -383475.00241771812      
91          -392976.84450632794      
88          -379654.29259094183      
84          -354979.22168510925      
84          -357879.92666327534      
88          -376514.15873636963      
92          -409231.12811790209      
93          -419434.62744372996      
93          -408021.25649973471      
87          -369524.65375109465      
89          -377866.64716289582      
88          -371729.89280729275      
88          -373395.04519647534      
86          -356556.7788850604       
86          -360757.04449674342      
84          -349156.3773488095       
87          -362656.38636543171      
87          -365299.0477759217       
86          -352452.18615060073      
85          -341215.15227940225      
85          -346567.15498047427      
84          -338930.85785806447      
83          -334604.55873907689      
84          -333947.21290495101      
83          -330596.91605688859      
86          -354699.85835229792      
85          -347851.88715226715      
87          -365282.95892089966      
89          -371258.65728844638      
87          -360147.17228314432      
86          -357895.14831284177      
87          -365361.2414389741       
87          -364234.07664417505      
88          -369710.43011664908      
88          -366834.37455272605      
87          -361959.52942504961      
86          -354937.03617109498      
86          -352842.92158821959      
85          -346176.78142822842      
84          -334807.98867597023      
83          -327969.28559607937      
81          -319143.89531115734      
82          -323094.70322292473      
84          -332419.50986815989      
84          -338775.54880366969      
85          -345072.89986038947      
84          -339290.7615052624       
81          -313857.46840909513      
83          -322781.3335014623       
81          -317040.03221519728      
78          -293554.28138511034      
83          -320935.57852425589      
82          -320491.65809461003      
82          -318412.58140849718      
84          -325607.1180115341       
83          -324603.73916429479      
79          -302479.76958063408      
82          -317305.25710658968      
84          -335948.70984571753      
83          -330792.78976694518      
83          -325653.19504620309      
77          -295389.6914271235       
82          -321329.30487996159      
84          -330750.71037411422      
83          -333293.84362043836      
78          -303298.9031670274       
80          -309808.4451034065       
78          -299078.1293905307       
83          -327579.91307040612      
85          -339904.23981226474      
86          -343341.35175072314      
84          -334839.75277720456      
83          -324557.23570535512      
83          -323651.30218421097      
82          -323035.43227969541      
83          -329070.78602465871      
80          -311998.84732743527      
82          -320195.89685722813      
77          -288093.5312433014       
79          -300635.60316026682      
79          -300535.9451945363       
84          -335490.84505017655      
86          -348963.7064390626       
86          -347192.6224645669       
83          -335440.3677114303       
83          -335291.49196127639      
83          -334475.69696998078      
85          -344968.75789083645      
84          -340402.95004739112      
87          -361387.99946134578      
85          -341344.58948164375      
84          -342836.64680379548      
83          -323800.33804735891      
86          -342431.03434337402      
86          -344564.07764480799      
84          -340448.01921055379      
85          -343019.51751289074      
84          -342186.31807252305      
83          -333559.38165908377      
80          -315448.91990706581      
81          -325162.8735724318       
81          -317715.01867032371      
82          -324236.77124117845      
83          -332664.50235859689      
80          -312883.59615385748      
75          -292081.12635457283      
78          -301388.52045736427      
81          -316246.85382958833      
80          -314584.54946852365      
76          -290046.3067119075       
80          -314918.5002041558       
78          -297527.1693557101       
81          -318124.64056941838      
78          -301395.96549377637      
77          -290725.38276900596      
79          -306531.46337499056      
78          -294150.68934386474      
78          -287292.55668151123      
73          -265055.25396144832      
76          -283012.62374740752      
77          -285769.74997538526      
79          -295291.49160069518      
78          -287710.81511738914      
78          -294269.48978191678      
81          -307207.29421965289      
84          -326604.18655219825      
82          -316930.79400151217      
81          -303963.92486384825      
80          -292997.03481356276      
84          -321332.08354051918      
81          -302388.66531096504      
81          -298983.75733341218      
82          -310140.52365344932      
83          -317941.77046885999      
82          -316957.78165097203      
86          -344732.95128518238      
86          -346249.59237513406      
85          -334467.67533132137      
88          -350111.58285218076      
87          -338235.09347013541      
80          -296726.02913756517      
80          -297038.96476426197      
79          -295150.66359199153      
82          -312173.4684326867       
84          -325269.15875176078      
80          -297662.40561236138      
80          -295280.12243040896      
78          -286440.76064480789      
76          -262551.26452602632      
74          -256639.31629950262      
72          -251863.76039901687      
75          -255249.7883079146       
75          -252330.70105768836      
72          -239394.42165080685      
67          -215560.1808159987       
73          -248255.19836554208      
73          -248110.4633976905       
69          -228286.67138711869      
63          -201823.15174035216      
68          -224266.58136205349      
72          -230214.97770038142      
73          -239964.66225853184      
70          -229025.96902515597      
73          -248950.05222201778      
74          -252058.52092329599      
71          -235134.98217304886      
71          -233877.5048344089       
64          -204620.40594245336      
60          -177557.27607210755      
70          -232408.23818234162      
67          -214578.10434467014      
65          -213168.24430882896      
66          -209931.04051138912      
69          -226563.55091684574      
73          -249750.60623440213      
74          -246759.39629195974      
73          -252319.99952837609      
73          -258222.53283390607      
74          -246817.39307866219      
74          -250818.07129164715      
70          -229626.42739515248      
70          -231684.4549843061       
73          -247248.93152641252      
74          -250850.48706259031      
69          -225528.20221371212      
69          -230715.72184585844      
73          -258588.83249041004      
75          -269041.77028118318      
71          -240846.98907674683      
67          -218157.52401907215      
67          -224963.25103738913      
68          -227433.54495434588      
66          -210272.5095261258       
66          -204532.86353055955      
68          -220014.53275613685      
65          -215277.27451404944      
68          -229584.98306374755      
68          -228298.9032119707       
67          -220849.41854604581      
65          -215043.01163530353      
61          -201299.22980430094      
62          -198637.36968202484      
70          -235029.11237962387      
74          -247925.64898644789      
66          -209258.62178245778      
67          -216396.25466988984      
66          -208727.58014227747      
64          -199186.69153588708      
68          -213546.22240533851      
64          -189558.36661335928      
62          -192471.75334273829      
63          -202924.03669434681      
61          -185481.20688575998      
64          -213108.03229759631      
62          -206520.76907189476      
66          -214022.80493365033      
68          -223935.45867037357      
69          -229207.09786004032      
77          -271906.81513160106      
78          -285295.59082320426      
79          -281200.43232187425      
79          -283692.97829416627      
71          -245665.65584924188      
68          -235062.85702879471      
67          -226236.10270677373      
67          -217874.2059163707       
62          -204133.42655354674      
65          -211524.22773643761      
67          -229863.28045140058      
75          -260442.72655362636      
76          -273069.6154288518       
73          -254055.29041613711      
71          -240292.39715544382      
73          -254572.27341143944      
73          -255863.53592826583      
70          -240437.64667144482      
69          -238918.13248593514      
67          -227854.56285501533      
69          -232648.08179807532      
68          -221621.96174015675      
69          -231585.40450386624      
68          -226370.93630630473      
74          -255324.14885010413      
73          -245971.81593870782      
72          -244369.45360573713      
71          -238896.8678977043       
70          -229439.30534446303      
72          -243892.14714296479      
77          -275356.49745881389      
73          -254913.64955791764      
76          -270361.48577295954      
80          -291398.5516195345       
79          -288793.12897144887      
80          -295193.58813615952      
76          -270090.32292373868      
75          -265133.2766633454       
74          -262778.3952554657       
70          -237525.49443150213      
73          -251817.93536555674      
74          -253225.16430732372      
75          -266709.68809869827      
75          -271856.47400802304      
76          -267188.99025354971      
73          -259628.84948486142      
75          -266783.34066042135      
72          -259582.54591843512      
71          -262546.00413982157      
73          -276119.14746026363      
75          -287120.03332964919      
78          -289933.31469845766      
78          -304887.34723324637      
76          -291124.01422811626      
80          -304183.48889719049      
78          -283469.71396059945      
79          -300383.0419524074       
76          -277951.82682297466      
75          -272899.08084341016      
76          -281492.03163915063      
78          -281258.44223507866      
75          -272219.83305125672      
78          -287267.73113335238      
80          -301362.30501461093      
79          -295181.7345333845       
85          -342830.87639587873      
81          -316776.21735736344      
80          -310609.56173752382      
80          -301957.02004120219      
76          -274619.64444637758      
79          -288352.22138418385      
76          -275238.37691092084      
71          -252362.04252373567      
74          -262525.09531225718      
77          -281317.61260737077      
75          -274520.41547135962      
73          -262726.62378481642      
73          -263565.93931143929      
75          -277523.14915512654      
71          -247590.25953612622      
80          -293922.2873651578       
80          -295994.85808152898      
81          -307301.07088293228      
80          -305403.59170365124      
82          -314691.68716445676      
82          -311975.28944054333      
82          -316280.78589019628      
82          -312700.60735240899      
79          -298418.02661992906      
79          -289610.24864373851      
73          -263910.15819232952      
78          -289462.44661506964      
83          -306104.31727581471      
84          -313290.23894263082      
79          -288907.55951384763      
80          -295151.07919719524      
79          -287932.2868091194       
76          -269630.52193613001      
77          -278240.38086284435      
80          -293433.45587259816      
82          -311251.45218328608      
77          -273931.39425085561      
75          -267887.59947227617      
74          -265503.17819832527      
74          -263989.66504734813      
70          -244607.71158668387      
74          -265113.10352950048      
71          -243713.82556414031      
77          -279609.03331931995      
78          -287097.11595078988      
80          -296597.29762526992      
79          -293565.86718747247      
76          -280868.28074048558      
78          -295923.42836505972      
74          -262432.50002310565      
75          -262141.05293724194      
83          -302530.89372624952      
77          -278271.19456342945      
77          -271564.7641861391       
72          -246765.04049412228      
72          -239208.36603287634      
74          -260322.00031767756      
77          -292778.40733094019      
82          -326800.79399864393      
85          -335876.87754031306      
87          -356691.05900088028      
87          -359088.21010359912      
82          -321749.56667965109      
83          -322723.39058557217      
84          -328034.74860178016      
85          -330808.93401098473      
87          -351468.88765765651      
85          -338453.19460429339      
85          -341541.79308164964      
82          -331718.95868485101      
80          -309924.99338511308      
83          -327115.47659613122      
81          -315468.62958764005      
82          -320116.37484111992      
84          -331953.42477892421      
84          -325837.63288077473      
81          -304974.81923951366      
82          -312568.6886058969       
82          -312111.11512721679      
79          -289060.77702877205      
78          -273398.08458889741      
81          -296533.32709970564      
81          -301904.73699818109      
78          -282542.12100009766      
78          -282373.00957970979      
74          -264386.5846919117       
78          -299208.49766010989      
77          -293271.06955363182      
77          -289928.63567314338      
80          -302316.53897056176      
82          -315465.8004751199       
83          -316924.09431063302      
81          -302344.41228460404      
81          -298355.34695147444      
77          -272450.40855966427      
73          -249875.22954475155      
70          -240673.41271605823      
71          -242863.32524865429      
64          -199507.32736481586      
60          -183848.42641560009      
56          -165900.60082063326      
61          -171269.62713176038      
60          -168383.90437117979      
66          -202097.62534720628      
65          -208855.00952974515      
67          -218622.19235394677      
69          -221269.88947912707      
67          -210260.13830578912      
72          -235559.58341764918      
68          -217976.15967220665      
69          -225924.79004105192      
71          -241554.07213893341      
73          -261357.77256432213      
77          -281627.83083803853      
75          -270002.40226389328      
71          -250002.07065337483      
74          -256812.50662284531      
74          -266789.23490354698      
73          -262214.93277677282      
77          -271779.8278397473       
77          -275437.49257144245      
79          -291931.59219495719      
77          -282060.66726097371      
77          -281935.34088388807      
82          -311484.91023703892      
81          -308440.01005403569      
85          -335965.3244620738       
83          -322458.31739455531      
80          -310591.57645029563      
82          -318112.20910147188      
85          -333066.04246725724      
84          -331945.73338110826      
77          -295059.58292985469      
79          -300046.5768914817       
81          -312030.41570510482      
80          -317287.86503696721      
81          -320964.76848553919      
83          -335236.61017577833      
83          -337028.57152466953      
83          -336470.33028672304      
87          -352706.62558437727      
89          -371290.20209222479      
87          -359418.28014102235      
87          -364932.33197396342      
88          -368469.00732366048      
88          -366106.67488836101      
89          -373489.39071534586      
87          -356440.26354762289      
85          -345423.40791052626      
84          -333234.1439660319       
81          -319859.00334978383      
81          -314077.72539998498      
83          -332224.71233150543      
82          -327166.47366058244      
84          -331459.46427485632      
85          -341726.51423097221      
86          -351643.275215325        
83          -332440.2726360847       
84          -344367.48400836461      
85          -350144.26007498516      
86          -350485.77690945083      
88          -366158.0623537933       
88          -359418.96233215841      
87          -358621.95377784304      
86          -354440.83862429066      
85          -343555.75168703275      
87          -349461.98344715405      
82          -315326.72746610962      
80          -307355.1298150408       
83          -327785.39546512719      
82          -328454.23493232823      
85          -351384.58238176507      
85          -344100.08403943147      
84          -334038.29043306387      
81          -314829.55990079365      
82          -320820.88786379225      
81          -300240.27775582898      
83          -313037.17202562565      
76          -268576.13714523456      
75          -266748.78648988641      
70          -249535.85498444588      
78          -288957.6263513689       
74          -263145.17313754809      
68          -235233.00709853423      
72          -238098.44105155818      
72          -241307.74101003676      
74          -251067.60192093698      
78          -285001.49857445742      
80          -293864.46646115248      
78          -292420.53797318583      
79          -297796.83944192179      
78          -298261.16464178637      
84          -334962.68635004328      
88          -362019.73741182202      
87          -355313.47067394486      
87          -360068.1831815968       
83          -335826.53507065575      
85          -356419.21183610009      
87          -364812.98407165409      
87          -359660.05959312693      
85          -347157.10813143075      
87          -359730.4168625162       
89          -372310.77578872157      
88          -366386.74099343573      
88          -370190.7475384287       
88          -366529.29293699242      
84          -344641.84727809165      
83          -335495.29800669127      
83          -334065.16321725817      
85          -337222.33834151382      
87          -350567.76973090653      
80          -307948.30900043302      
79          -296646.62663751747      
73          -256635.99181221586      
75          -273041.15584640356      
78          -292573.16936013295      
81          -306437.49094264989      
85          -342665.38243957964      
84          -336255.73764019145      
88          -361177.57334329322      
81          -304826.97744775255      
80          -308630.05150443222      
84          -331985.01127336686      
87          -343780.72364235873      
84          -322830.55487817718      
80          -308179.90678198787      
80          -305706.3892965655       
78          -290083.52805709786      
75          -271538.43116740783      
78          -286832.25604724209      
81          -305229.12922811467      
79          -291279.87804211612      
78          -287811.76997459953      
74          -264229.62947210559      
78          -290114.04421954521      
77          -275651.52936133102      
76          -267703.2678723092       
74          -255026.9059152398       
74          -260541.81767706858      
76          -276049.813575348        
78          -279999.30221855507      
69          -230397.84224916357      
75          -255070.5346488925       
75          -253941.02814355024      
76          -260110.87085352585      
69          -226290.75717951523      
71          -234949.41524741685      
71          -233415.24038324074      
73          -250944.49725417065      
77          -266442.07892364572      
78          -273489.0174699187       
75          -258697.26818359355      
78          -283445.27678309765      
75          -275577.5140970613       
75          -272367.2067967332       
74          -273826.2071604837       
76          -276353.3051063497       
75          -265435.94212036626      
71          -240284.24527204217      
75          -259461.01648578054      
72          -242601.26092855626      
77          -276620.06743452622      
79          -299922.28868528013      
82          -309537.76793739875      
80          -306964.22626781464      
81          -309981.76135491388      
82          -315297.87448569149      
83          -330275.14734710968      
82          -312161.29572735244      
86          -335031.01075087092      
86          -343213.93211207975      
81          -315173.79287555796      
80          -303786.33572336339      
81          -308343.92273886997      
76          -287994.18047226925      
78          -285470.78926781937      
80          -297397.42266168742      
82          -308488.40809202899      
83          -321758.51502251712      
85          -322687.28599394107      
88          -346497.84453299182      
86          -335934.49207590311      
85          -327122.76517828321      
80          -307981.94207759894      
76          -293585.79224808281      
76          -288083.50796280574      
77          -291122.20144153055      
85          -339753.84757352824      
88          -355974.86456315243      
87          -346950.12891126925      
86          -346396.33114067995      
85          -335130.9141072724       
84          -332667.48786086967      
83          -324453.1596842506       
87          -350707.91045225738      
84          -331834.8338166115       
85          -342372.93695172766      
86          -346281.75802168064      
82          -320520.10699910863      
82          -317210.76449849905      
83          -311342.43999125832      
84          -321984.00058370171      
82          -315164.66973725532      
77          -279648.70878865715      
76          -273348.33342032065      
78          -281748.32594284287      
75          -270313.35820367635      
73          -261179.74890862894      
73          -259970.90969346557      
70          -240770.46320244315      
72          -241053.25311844936      
75          -264610.68129288271      
70          -240500.6341258818       
68          -226900.11832836151      
72          -246713.26783078571      
72          -249587.21746273179      
76          -274465.80231584224      
74          -258590.22618223223      
73          -256434.21119117932      
73          -260866.52651588738      
72          -246879.13707127023      
69          -233321.95336094234      
74          -256188.63683390964      
72          -247846.75815953867      
70          -230116.16121957469      
59          -178207.1697032683       
59          -185279.08694716368      
62          -197882.66082152948      
59          -178144.59871857637      
63          -194575.53801681334      
67          -206360.45445868978      
72          -240251.08092559758      
74          -251652.91880136397      
69          -222171.02341465827      
74          -260392.03582448143      
75          -265845.09916148393      
76          -272974.58042111748      
77          -279329.6050346517       
71          -245781.01295635197      
67          -215339.46680236477      
66          -217963.12807610445      
64          -208947.06677858546      
67          -213962.14568931889      
68          -219839.03844444285      
69          -232791.79858266978      
64          -206200.64722546391      
73          -245715.87331568525      
73          -250293.1757168129       
67          -218467.05999327142      
70          -235449.82812629145      
70          -233186.2099134872       
69          -231684.21095648198      
71          -238428.81242594396      
71          -238532.92925956837      
71          -241037.5435312828       
64          -197921.02171842064      
60          -173688.2795841211       
59          -165598.38304601324      
60          -171005.53531078168      
72          -225984.79140105093      
68          -203130.51253311904      
72          -225406.59947912488      
73          -228392.08298437909      
70          -214116.04703467677      
62          -188420.71768543875      
69          -224123.42820216314      
63          -193749.01113618474      
60          -169429.87142515619      
57          -158174.67973157682      
54          -149441.06947023745      
58          -170376.50831331653      
54          -145115.43277852575      
50          -122706.99524644719      
46          -122397.41668120043      
48          -128468.16808442063      
48          -113157.3391308079       
47          -112174.82693441056      
42          -95608.339175966932      
42          -93941.179715294013      
45          -102865.40912000602      
41          -97223.728515770315      
31          -55587.495989892428      
35          -69858.231468669066      
40          -88013.921503377045      
33          -67054.981455706366      
37          -85402.412623060794      
35          -81197.784895739955      
44          -103401.00567984054      
44          -106141.13000279704      
53          -144763.57020422089      
57          -167569.64696765356      
60          -178255.92608238259      
55          -151062.58376587546      
50          -126966.95520878413      
42          -97921.19406262273       
38          -83294.798076192485      
28          -46274.604346499182      
23          -41411.859077821813      
22          -37967.458781350564      
33          -73850.520942074596      
40          -73242.003204046458      
28          -44128.623763632444      
29          -46869.549070743858      
24          -37759.027460678219      
26          -54779.044313380029      
27          -49014.278789527452      
31          -48818.323850051485      
27          -36984.838413431069      
33          -67564.724672502169      
33          -62774.97648064181       
31          -59741.353138591818      
28          -48121.189665485923      
44          -98639.425260865857      
41          -82928.062205906055      
53          -131035.30748433151      
52          -129917.1024943287       
53          -138401.53630202764      
53          -140474.93122427136      
57          -167283.76251263893      
48          -118351.27163327955      
52          -142060.06050381711      
56          -167422.76724000025      
64          -198007.49196572139      
59          -179119.76364470817      
59          -170938.16426388139      
67          -205953.42149917371      
59          -171646.05923922997      
62          -195490.17521513643      
66          -213919.7931581609       
75          -260975.8008791311       
73          -253253.56668856056      
75          -264388.87902810046      
73          -252572.40555311667      
73          -250761.95243749826      
70          -238756.92700237577      
64          -203712.52006830423      
64          -198266.06039822311      
69          -227176.22862128366      
69          -229521.25877891926      
71          -242411.30366666135      
72          -252144.8128422361       
75          -271926.52724808076      
82          -312384.44771016185      
83          -322305.90353281167      
82          -308338.67722478829      
77          -278736.4998058331       
77          -286874.07110797538      
73          -263908.0288694409       
69          -243756.78819418701      
68          -235375.74849600979      
68          -222059.64401716998      
76          -273190.81977955712      
76          -275878.26884610899      
72          -259533.16087376018      
74          -260761.42199538561      
66          -219844.0167872427       
69          -234963.41041623216      
67          -229253.91652932603      
67          -229942.04598113065      
70          -235929.39590160368      
70          -245045.41868501392      
69          -247076.37418176592      
71          -252560.64991479987      
70          -248613.62796725603      
72          -251459.3184208342       
74          -259634.12829325686      
74          -265002.81068852986      
81          -301935.49070837238      
84          -324922.68143534538      
81          -306375.61924395279      
79          -302217.25583931699      
81          -313231.33784513245      
81          -317062.86263958085      
81          -311791.69466562517      
80          -304547.18638798047      
79          -294212.65361226344      
83          -324694.28079260176      
82          -315171.01744102675      
78          -292926.71625488263      
79          -294127.10592332971      
81          -308172.95272418804      
82          -319528.65763936099      
83          -318312.00166347221      
81          -303120.71174160542      
81          -304649.39996820193      
82          -306559.2613659245       
79          -291797.1294682782       
78          -285156.24230589025      
76          -276174.58956996648      
77          -285214.69982225         
80          -305174.04125404597      
80          -302924.01299932785      
80          -307403.00014879304      
84          -327715.18703471083      
81          -313058.26806692278      
81          -308693.11076282454      
82          -316590.80972625443      
82          -311927.6463121961       
82          -311840.69818115514      
86          -332619.28260244674      
84          -320328.5841970332       
83          -322692.49188666104      
84          -334761.77121383307      
86          -350025.12451619422      
85          -345830.50139998534      
84          -344510.13764705206      
85          -343674.25509505463      
86          -345925.44269395771      
88          -361142.87168328109      
88          -364567.96594560158      
87          -361297.18461414817      
84          -341647.12845631788      
84          -342150.22665464581      
85          -344893.34716996399      
87          -354624.81875215628      
82          -322710.00769010501      
84          -332962.32701911096      
82          -320805.9120546229       
82          -323053.65043857822      
83          -329664.66612150701      
84          -333133.41899705579      
86          -350914.36914629635      
83          -333594.07826056948      
80          -313199.42722668801      
79          -305704.88875252684      
77          -290006.72862958355      
78          -302401.33718083712      
76          -287524.68903463584      
78          -287133.59416342329      
77          -276564.98358272237      
79          -289385.44171533827      
77          -283882.90229640924      
71          -252331.07423761568      
67          -228226.08059423402      
70          -241437.49867855254      
67          -230465.99106867547      
73          -255851.43330169187      
74          -265708.81550341041      
71          -241320.14088160772      
67          -219825.59569596572      
68          -222357.94727361036      
70          -227476.19789051605      
77          -269362.46791469917      
79          -285667.3389222048       
78          -292104.39932926401      
76          -281648.07741187757      
83          -313484.76411749807      
80          -299482.0137404321       
78          -285740.21542926336      
79          -283967.60768048972      
79          -283835.97810119501      
81          -295719.14855436207      
74          -260187.06556326538      
72          -244060.92119981142      
72          -241213.59486851303      
74          -243638.69987676048      
73          -241703.81689812287      
72          -235532.45652188364      
68          -209754.07239275693      
68          -209159.1591615488       
68          -210698.14323964366      
67          -206908.86110213693      
67          -207229.0690008869       
58          -171101.98354922846      
66          -216114.07039269456      
66          -208432.586985378        
62          -190021.71456843952      
66          -210835.88007707757      
59          -172068.25580959336      
68          -226276.92808349768      
67          -212373.45544177981      
73          -245678.98561831037      
72          -241596.58067093848      
74          -257848.21872944629      
68          -230403.49792181916      
72          -245777.59725903813      
72          -247153.05350823444      
71          -241183.82386969408      
73          -248798.67719321244      
68          -219163.37931305898      
70          -230793.61244160589      
67          -220243.31194639319      
76          -269500.71105748339      
77          -281168.60890315787      
76          -273859.49735925742      
74          -266697.720525568        
73          -266770.42643756937      
74          -268688.82603918231      
75          -282298.23438365909      
77          -289876.47993979859      
79          -306571.52213547571      
82          -316026.64639343147      
82          -312529.96565315797      
83          -324547.25821671804      
85          -340266.71296489547      
81          -310072.65546157531      
80          -303045.85466745246      
