290 1 -2605 25 25 25
144         -326209.68397786212      
143         -325434.8642710229       
144         -330891.75081340823      
145         -329551.09882081934      
145         -330526.81253894744      
145         -331082.7651401562       
143         -325905.00700563361      
145         -329580.65496379259      
145         -327261.16987069685      
145         -328659.2494461782       
145         -328213.02371307195      
145         -325246.01632007631      
144         -322563.26675533399      
145         -326508.00883600966      
145         -327158.76825611654      
145         -327760.23242967715      
145         -328357.95255999395      
145         -328358.91848896421      
145         -327314.36041497422      
144         -325024.9394971414       
143         -320006.11335409427      
143         -319350.50464894669      
143         -321056.36692966061      
143         -321306.83533466415      
142         -320886.24700459559      
142         -319053.66970518243      
142         -318174.53657081735      
142         -318271.61369837273      
143         -323999.44039942324      
143         -324143.62490757531      
143         -323838.67323404294      
144         -326645.86882442411      
144         -326378.08036620659      
143         -322653.21148826368      
143         -320323.75160320284      
144         -324005.60246910941      
144         -322726.53117082198      
144         -321072.85797170561      
144         -321139.16199766949      
144         -319470.86247590411      
143         -316709.9819236201       
142         -311189.44527719921      
142         -309760.71057392814      
142         -310245.73282445874      
142         -309616.27573086647      
142         -311368.36357245443      
142         -315771.69217084558      
143         -320753.89857023949      
144         -323449.91210503399      
144         -323428.25220935891      
143         -320043.78242359275      
143         -317435.14582060097      
143         -316327.3479744416       
143         -317193.15987148695      
143         -318712.45005520887      
143         -318221.80241561949      
143         -318327.44964168849      
145         -322809.2498108272       
146         -326468.50699321192      
145         -324980.10632473358      
145         -324494.4059425692       
146         -326730.12795131118      
147         -331718.06782811717      
147         -331564.33069443586      
147         -331932.03720386932      
146         -328015.1016451809       
145         -324961.69620630587      
145         -324709.99889495771      
146         -324828.0352838735       
146         -323168.49932071706      
145         -323897.00383456005      
146         -328842.12583750422      
146         -330195.23798325472      
147         -332768.76897582522      
146         -327624.21498789859      
146         -327317.8096019862       
147         -331652.42900982895      
147         -332239.63814328657      
148         -336606.79089608171      
146         -333410.0594138786       
145         -330961.53498745221      
145         -328505.16333627759      
147         -330401.99651724182      
146         -327931.16754096269      
147         -331019.68403786916      
149         -334860.39605830633      
148         -335188.65109780687      
149         -339083.88630183617      
149         -339647.29305374919      
149         -340228.68784312182      
150         -340890.94456912728      
149         -336854.90570022282      
150         -340262.2146780896       
150         -343464.89775512111      
149         -342524.49722610996      
149         -343723.54378665646      
149         -343860.60758063663      
149         -342368.70334971813      
149         -342578.56550959602      
149         -341903.24567438266      
149         -345017.37577252008      
148         -341071.72785272868      
148         -344212.71446760255      
149         -346976.46921542287      
149         -344413.60843328648      
149         -345623.86034482485      
148         -344765.84306682402      
149         -345842.74259094498      
149         -345467.21648088819      
150         -349719.38190963463      
151         -352381.89080697414      
150         -348691.46761618613      
150         -348548.28151785664      
151         -352039.65245075413      
150         -350147.45632159302      
150         -349348.64512168826      
149         -346077.98456688679      
149         -343951.49976078462      
150         -347827.16684588348      
150         -347500.95856128406      
149         -344142.61765125155      
148         -341160.27072559018      
148         -340801.31910796184      
148         -342991.93205288716      
149         -346388.68386005936      
149         -346842.18966210802      
149         -348523.18052255368      
149         -348281.56846676813      
149         -349781.64819184912      
150         -348335.38236258837      
149         -344625.81356339133      
149         -344530.55767945584      
149         -342655.00465289515      
149         -344229.33040897816      
149         -343059.13591401419      
149         -343611.33541350765      
148         -340335.99569847551      
147         -339060.09215882653      
148         -342156.60941251297      
148         -338483.01207651861      
148         -338123.98992233363      
146         -332704.26433782704      
148         -338802.02164719655      
147         -338729.92028395057      
147         -338441.96563662996      
147         -339688.78921138588      
148         -340479.5531426582       
149         -343861.32565038331      
149         -343647.9039385271       
149         -341710.81776729453      
149         -340779.03922046657      
148         -339450.36932445702      
148         -335844.13259861735      
147         -333247.97889102518      
147         -333825.93512935465      
146         -330796.13150892011      
147         -335978.57386054553      
147         -336731.83256853337      
146         -330815.46359062695      
148         -340646.53787918325      
148         -341997.27257483621      
149         -343757.03215476638      
148         -341210.91835517308      
147         -337513.99875003821      
148         -343136.91767121752      
148         -341945.60031586583      
148         -342306.84282657737      
149         -349458.75488490437      
149         -347744.6967813347       
148         -344160.63744245854      
148         -342625.08432425011      
148         -341529.04036559002      
148         -340280.97059590794      
148         -338664.21124052576      
149         -342564.66384257231      
148         -341665.96803393849      
148         -343075.41189878189      
148         -343634.68941089325      
148         -344603.99230615608      
148         -347037.3625836632       
148         -345212.41455355217      
148         -342271.34623569698      
148         -340918.07574705075      
148         -341208.68420271471      
148         -342712.52853848151      
148         -342572.00173335971      
148         -342687.15140859416      
149         -346853.13122470491      
148         -343944.91884831339      
147         -338678.95060704026      
148         -343269.17102191364      
147         -339760.5459396565       
148         -342159.11842026899      
149         -344970.29069469904      
149         -346591.77150749066      
149         -344713.29356273124      
147         -339320.47988048592      
147         -339021.39626911766      
147         -337143.21468846931      
146         -335895.7577614045       
146         -334146.29270032025      
146         -332871.7500721364       
146         -334773.80281295255      
146         -335446.15377656289      
146         -336716.61587502703      
146         -336185.59819452127      
146         -334737.38039585756      
145         -333244.79824170488      
144         -329762.12709762575      
144         -330286.74268733902      
144         -329214.19641686417      
145         -329819.41118876461      
145         -330022.93843233259      
144         -325165.7053001622       
145         -328282.3024295416       
146         -333770.00998588454      
146         -335182.75274801807      
148         -338992.63860203326      
148         -339442.93137529981      
148         -338216.37476092577      
147         -335562.74309093424      
146         -331601.44523333851      
148         -338390.51649114001      
148         -338512.10095785599      
148         -338652.68851599237      
147         -337687.1384431186       
147         -337442.30379859637      
147         -339284.42537919781      
147         -339832.94852675038      
147         -339783.10195146169      
147         -338840.43888122775      
148         -343173.85890547896      
147         -337900.34419045836      
147         -337594.8054565955       
147         -339047.97305269656      
147         -339438.04749523028      
146         -333930.07718597481      
147         -339333.97926887183      
147         -338650.44393242325      
147         -338504.41195273248      
148         -342390.29743355152      
148         -341974.63818710874      
148         -341247.78554227541      
148         -342425.9039458817       
148         -342346.85779712466      
148         -344321.73353878048      
148         -343946.45777341421      
148         -344738.744136844        
148         -344043.47591353371      
149         -347344.07794233796      
149         -346595.45395849494      
149         -344931.06464355031      
149         -344200.00042454165      
149         -342133.35033692326      
147         -337450.43358685181      
148         -340815.32104182086      
147         -338534.66859102296      
147         -338268.76401600277      
147         -339095.84588170401      
147         -337128.75583074708      
147         -338306.31592085829      
147         -336748.73169382469      
147         -336539.529777936        
147         -336107.01249709865      
147         -338814.94199892716      
147         -339899.13286540023      
148         -343171.90045973018      
148         -343755.3959896022       
147         -340822.73338908923      
147         -340497.75127171515      
147         -337670.11356074503      
147         -337264.86521257239      
147         -338537.79881407751      
147         -337728.45209523127      
147         -337248.33070285618      
146         -334576.32583635795      
146         -334471.74889234739      
144         -329633.11150841613      
146         -333639.5091766573       
142         -319550.83788034099      
143         -323662.52545602992      
144         -328090.31853003928      
144         -326267.7879076096       
144         -324616.43700164079      
145         -328251.28617656359      
146         -329310.83853731689      
145         -330630.75220920064      
145         -329150.74735873332      
146         -332077.13716253848      
145         -327948.94264789578      
146         -328437.05397537071      
145         -326349.0439599572       
145         -325519.3083388696       
144         -320297.50164087582      
143         -314196.85539461073      
144         -316277.39190115372      
144         -319110.474166453        
143         -317329.7724839389       
145         -323125.22334680596      
145         -322355.63793748978      
144         -320892.94054348255      
144         -321139.88221627555      
144         -321069.88440327754      
143         -316481.46194808994      
143         -315974.32787806448      
143         -316078.95956056751      
144         -321306.66127008409      
144         -322993.92479334609      
144         -321611.87274941849      
144         -325590.02782431094      
144         -324632.61566659581      
144         -323260.46403016284      
144         -322152.98341310699      
144         -320070.7026696814       
144         -315790.89580330014      
144         -315601.07746607403      
144         -317664.24046713917      
144         -317514.98455261986      
144         -318531.99331474665      
142         -310596.36380129168      
143         -313909.71473409206      
143         -315207.41995534889      
143         -314962.78335564653      
141         -305652.65638082393      
141         -303792.03832428122      
141         -302241.17922851595      
138         -297465.53282510827      
139         -299089.75973722822      
141         -303658.70253943116      
141         -302312.77583266818      
140         -300535.2869879888       
140         -300797.36318374256      
139         -297285.99443413393      
140         -298804.85911409208      
140         -301428.05185824208      
138         -297688.00882613956      
139         -301489.83889783244      
139         -300872.6607865924       
139         -301215.44525960047      
140         -301732.44968422246      
139         -298503.49229696603      
139         -296143.15622248338      
140         -297084.95438816072      
138         -290308.88518585474      
140         -293935.24770067632      
141         -297724.88471622113      
142         -298452.02446940169      
139         -290941.78489675745      
140         -294578.1549319583       
140         -296580.409156785        
140         -297713.36017115018      
140         -297416.33369208284      
140         -297871.37629319646      
140         -296485.93445339228      
140         -296605.72061636008      
140         -300209.88237872627      
140         -299205.46900363138      
137         -290056.12055052636      
137         -290062.91231844097      
138         -290373.1228536194       
138         -293484.50271331973      
138         -298206.27366990922      
138         -296864.84628085099      
139         -296209.95391856018      
140         -300950.73347525555      
141         -303488.71253508131      
138         -296056.82145710889      
138         -296550.67955985822      
140         -303334.32696435001      
140         -303029.69137875887      
141         -306225.71016611753      
140         -301839.260230858        
140         -302855.32877356082      
140         -305074.30645126378      
140         -305918.75445877045      
140         -306289.83757641423      
141         -309293.51455349888      
142         -311537.33740107971      
142         -312483.56516722147      
142         -312202.09644520155      
140         -307361.56884423061      
141         -309693.67926524079      
141         -310494.80168230576      
141         -310125.65031657298      
140         -307434.17252379772      
140         -306539.88986476685      
140         -306592.1929322948       
140         -306474.82893436542      
141         -310141.53347694955      
142         -312571.76684144523      
140         -302050.7610662207       
141         -303592.87527445005      
141         -303062.04833009618      
140         -298231.87219157867      
141         -300905.52202537283      
141         -302600.90452015761      
141         -303020.43545072241      
141         -303249.26763069327      
141         -303392.97651942732      
141         -307087.13030427886      
140         -305869.43050015147      
140         -304645.90590466373      
141         -306463.79743111308      
141         -304422.91941062838      
139         -301846.90023406176      
140         -305400.02246653917      
140         -304402.61809636751      
142         -310259.85187041026      
142         -310515.72525474906      
142         -312448.22553310264      
142         -311572.50548529398      
141         -309719.27499035501      
140         -306230.23060874688      
142         -311806.995419971        
144         -318909.5693254841       
144         -318405.15523890359      
143         -314436.3297199877       
144         -316637.84009790618      
143         -313811.65349386027      
143         -313712.0795613309       
142         -309926.58137182507      
142         -310895.65449008753      
140         -306606.41918676166      
141         -310226.41892995499      
140         -309016.89617594564      
141         -312282.95304673829      
141         -311589.78323132487      
141         -309846.82916675793      
142         -310944.03022978292      
144         -316638.59975182271      
144         -316028.50850889343      
142         -310247.58853001555      
142         -306326.3777399892       
143         -310002.46172662452      
143         -311772.62839412363      
143         -313157.52745996451      
143         -311264.59158472688      
143         -312948.25342655636      
141         -307541.22646228457      
141         -307832.01623865956      
143         -313145.66238197242      
143         -314273.37137188273      
144         -316488.24929676158      
144         -316099.92718061735      
145         -322837.18604421604      
145         -321335.60435206909      
145         -318783.14476429176      
143         -314435.68644883577      
145         -321913.06628261413      
144         -319075.76389666554      
143         -316014.4065181365       
144         -318108.8716546896       
143         -316233.9252295295       
143         -315781.4586598546       
143         -317497.70174316131      
143         -317098.19272388937      
144         -322140.56598886254      
145         -324183.01130012376      
145         -323246.40410363884      
144         -319967.95744294347      
143         -318740.07373280742      
143         -318449.77579612948      
143         -320331.95047317003      
143         -321141.0156939369       
142         -318118.86581552692      
143         -321373.46360963472      
143         -321392.0177457403       
144         -323124.2576227996       
144         -320824.79754573858      
143         -319037.5952332872       
145         -325168.66000257281      
146         -328969.06467587053      
146         -328249.38963878376      
146         -330136.0662408924       
146         -330135.95501947624      
145         -329785.80612144503      
145         -326157.19297491445      
145         -326846.49796576507      
146         -330973.4655619546       
146         -329347.62266783277      
146         -331017.70188422024      
144         -324843.96819035313      
145         -328146.64732734911      
145         -325430.6776634056       
144         -320841.28738524299      
145         -324110.27346548019      
145         -323247.60915166431      
145         -325527.58655742323      
145         -324867.61118505133      
145         -326390.00994097313      
145         -325288.88376728701      
145         -324971.84758402512      
145         -324240.26177745522      
145         -321732.89122078969      
145         -322949.02839376905      
143         -315486.03885516513      
143         -317292.22455664485      
144         -323419.58659650222      
145         -326296.87852452463      
144         -323221.4871326572       
144         -324166.39277539449      
145         -326101.88632947794      
146         -328688.65195750562      
146         -329727.96062752279      
147         -332269.3867115454       
146         -333115.85363915935      
146         -330858.0720742917       
147         -332577.99969156133      
148         -335946.64069489285      
148         -335393.89724912593      
148         -333319.18343859236      
148         -338344.23592491809      
148         -339147.12115801719      
147         -338471.34982311423      
149         -344214.50561936275      
149         -344793.0744619547       
149         -343827.79074589198      
148         -340728.04407239921      
147         -337202.22900414426      
147         -334793.82380979916      
147         -335216.73721285793      
147         -334717.00768242002      
147         -336590.20176950807      
146         -333317.3852413253       
146         -332882.65504815296      
146         -332673.64955200895      
145         -328363.19646165631      
145         -328359.23331988003      
146         -329547.84791344422      
146         -328846.0544457066       
146         -329111.68121842202      
144         -322797.44507816201      
144         -319909.71514023771      
144         -320861.44014997629      
144         -316646.86880409694      
145         -320551.57581215899      
144         -316158.76010118902      
144         -316362.29996478173      
144         -315603.22305260482      
143         -312675.33215455397      
142         -311136.54988175491      
142         -309507.21751506999      
141         -307874.56817400362      
141         -310580.47992549255      
142         -313524.81047838205      
144         -322418.07515201211      
145         -326875.33204768458      
145         -328931.72668590234      
145         -329977.88128471893      
144         -328865.18427861808      
144         -328289.39763209148      
144         -327567.86063137744      
145         -330070.70580988034      
145         -329624.76566483977      
144         -325377.57447493437      
144         -324571.12051476736      
144         -325327.71802083333      
144         -326641.02493714512      
144         -328005.16061448667      
144         -327911.38008440705      
144         -325678.09496247105      
145         -327774.05152619747      
144         -322835.32709753735      
142         -315468.35167776787      
143         -317305.03239825292      
141         -312690.58089355042      
142         -316531.88035973418      
142         -317026.6938042253       
144         -321807.65059078275      
144         -324318.32326856011      
144         -324875.59623717418      
144         -324953.94343740167      
144         -321181.61115531705      
145         -322947.84513056499      
145         -322600.70668677881      
146         -323628.33553188038      
146         -326784.99137802853      
145         -324162.89820244932      
146         -326536.75235008955      
145         -323425.28904873919      
145         -323095.00006263843      
145         -323701.44136584201      
143         -317287.22252546536      
143         -316789.32398558059      
142         -311449.62222446548      
141         -309875.69216452597      
142         -311841.88328591117      
142         -310916.51742295519      
142         -312029.70572987723      
142         -312559.18435386865      
142         -312881.73479716165      
143         -315466.00483890378      
143         -319033.66254660208      
143         -319517.23455616715      
144         -323981.32275591034      
145         -323500.57924166205      
145         -323692.6596303808       
144         -320368.78397856589      
145         -322983.60216066224      
143         -316206.35492002533      
143         -315065.22932693193      
142         -310959.55054944562      
142         -309624.85696207976      
141         -304315.90950919106      
141         -303335.52713834832      
140         -298866.03129801154      
141         -305788.45587300684      
140         -303992.93459343188      
142         -311387.12071040791      
143         -312872.76205355639      
142         -309866.67235735845      
142         -309560.22324527975      
142         -311246.7851919838       
142         -313556.52953645203      
143         -318142.24247294996      
143         -316552.25795153726      
142         -312759.14290886529      
141         -310605.7566779271       
140         -305205.50024496269      
140         -304129.57672671165      
140         -303542.69759548467      
140         -301976.73408810265      
141         -303171.46144742833      
142         -305590.85060804058      
142         -304940.6955055095       
142         -305074.43704183155      
142         -302822.45717227622      
143         -305103.48990749696      
143         -307528.30857045786      
144         -311683.51295128127      
143         -307158.51237587834      
142         -302137.95497909776      
143         -306424.65605387132      
143         -307868.80250343145      
142         -306273.29698520922      
141         -303112.65217569767      
141         -304565.48970539949      
141         -305630.04457346268      
142         -307784.42791750759      
142         -307096.06401354895      
141         -304152.10564926284      
142         -308605.05492077023      
141         -305249.5215146268       
140         -300373.76233565644      
140         -300587.3909080287       
139         -300037.97390440712      
140         -301921.49662163272      
139         -297664.89781730168      
139         -298533.04741655581      
139         -298087.81978452113      
139         -295827.17789232766      
139         -296474.87721467158      
140         -299168.44902688457      
140         -299844.39815297246      
140         -295292.68717155384      
140         -295815.23979317932      
138         -287029.81675972883      
138         -289324.96958892606      
136         -283889.5180267489       
137         -286417.19285334542      
137         -287037.08501244447      
137         -286914.392063034        
136         -285541.294906864        
138         -288554.63381628081      
137         -286275.0245549063       
137         -285534.55677515088      
137         -285495.01655235665      
137         -283233.19342005439      
135         -279826.51158812444      
137         -283991.78388187848      
138         -287212.80880072771      
138         -289613.45434090984      
138         -291125.36124867643      
139         -292418.81511102198      
141         -298228.29403433611      
139         -292918.6140498743       
141         -298685.05790526251      
143         -302266.64665309212      
143         -302554.10795976158      
140         -295731.87548121432      
140         -296743.53443253855      
140         -297798.26536557998      
140         -297045.06407747394      
139         -294203.43355355202      
138         -286895.68078344641      
138         -282310.66540330095      
140         -292886.19620264001      
139         -290871.89588362834      
139         -292761.37987350416      
139         -291155.70981514         
139         -291813.27681779896      
139         -292445.47490864055      
138         -291199.84703282255      
139         -291518.75721684785      
140         -296272.87897464528      
138         -287529.32613575144      
140         -290537.61006370583      
139         -293990.19367938628      
140         -299255.19552309951      
138         -290273.04934406234      
138         -290740.64675118489      
139         -295739.24077937275      
139         -295327.75755271409      
140         -296024.54922282707      
140         -295773.41085881402      
140         -294246.32913335878      
141         -295878.41670505353      
141         -296330.98343916109      
140         -294882.7120114374       
141         -296139.79035324662      
141         -297379.0325136481       
141         -299758.70509227365      
143         -303357.69845114229      
143         -301974.45156924421      
144         -303911.33105571195      
141         -295331.5062668809       
143         -304479.24501313962      
142         -300661.30710145755      
141         -297791.77026962733      
141         -299519.21955207782      
141         -302171.88551074313      
141         -300570.49776160333      
141         -299407.41811054759      
142         -302668.61811357993      
143         -302257.36730259354      
144         -307079.99805612455      
143         -302164.50106224394      
142         -300621.49272778491      
142         -301465.91504975106      
140         -294740.18573917879      
139         -292483.6466005157       
140         -295840.37303108291      
140         -299279.66431917425      
140         -301087.155400694        
142         -307158.73616397206      
141         -305563.17556103691      
142         -307766.76338184794      
142         -305759.17690515448      
142         -307506.04790724313      
142         -307109.47425177234      
141         -305223.77347215061      
142         -308239.79071182077      
142         -309441.17641666357      
142         -311541.87822774204      
141         -308041.1112872471       
142         -314468.37580626679      
142         -314815.48523146845      
143         -317513.4664847001       
142         -313968.2435225863       
139         -303489.75050888152      
140         -304831.49074275536      
141         -307680.04326031276      
143         -315574.62071946944      
143         -314160.62757920905      
144         -316718.2614573969       
144         -311138.32028718351      
144         -314704.05433403217      
143         -313150.90380975022      
142         -312430.54939277755      
143         -313485.63941036584      
143         -311792.98154623236      
144         -315562.20306794136      
143         -313622.96007149504      
143         -314366.74653374741      
143         -313538.10628431267      
144         -317178.88777464081      
144         -317169.12365235807      
143         -318080.67483787081      
144         -318596.11647806235      
145         -320462.44378379214      
145         -318514.93226646504      
145         -318918.47648917872      
145         -317227.50145946699      
145         -314785.26453378442      
145         -317269.27830932668      
145         -315718.30211744504      
143         -312591.65080316411      
144         -311012.45538564969      
143         -310183.14529162593      
143         -307745.9186430322       
142         -306753.12594575516      
141         -306478.53763672593      
142         -308991.17500133289      
142         -308424.49436584854      
142         -309199.82814108982      
143         -312892.72082836571      
143         -313208.58959019365      
142         -310911.49585225171      
141         -308071.83459403267      
143         -311958.5614096814       
142         -310688.91002400522      
143         -315641.98597907857      
143         -316447.45609733008      
142         -312950.72271582508      
143         -317046.22938922711      
143         -316899.24179946189      
143         -316947.81303533009      
143         -317487.92704576964      
143         -319544.19037323806      
143         -319117.90999882505      
143         -320075.10607794009      
141         -315983.2437309681       
142         -321571.91876374919      
143         -325193.27728653199      
144         -327418.68060810515      
144         -327971.94952790905      
144         -326380.20032934437      
144         -325556.49453246256      
144         -323859.87382097228      
144         -324144.83981259179      
143         -319743.23973585083      
143         -317358.04540570866      
144         -323509.56153579568      
145         -326761.02563355688      
145         -327152.27598353213      
145         -325477.13523002341      
145         -324890.88076467358      
143         -320253.36024967348      
143         -322981.72689498268      
144         -323932.54136866354      
144         -324694.00056279905      
143         -322777.85724541522      
143         -322351.55561586545      
142         -318402.12994376122      
142         -319191.5579964036       
141         -315779.93729212298      
141         -315481.02486757282      
142         -319273.50861926016      
143         -320150.21030914329      
143         -318165.34543123352      
144         -318753.48211226816      
144         -318566.27725825715      
144         -317090.00756595167      
142         -309896.31311700237      
143         -312549.46374679555      
143         -314876.17469334626      
143         -316374.65437912173      
143         -317316.03315688414      
143         -315414.73385640158      
142         -311046.03823334421      
140         -305596.98334659694      
140         -304171.57719228091      
141         -308819.43344574654      
141         -307645.21085232508      
142         -311879.75869832747      
141         -310093.14365279314      
141         -304997.95552042313      
142         -308074.55361420615      
141         -304108.68993109249      
143         -310677.43816597556      
143         -310953.34786937444      
144         -314897.9684310726       
145         -318736.92285976565      
145         -318600.94526440511      
144         -313158.82285478967      
143         -313628.7668703883       
143         -317280.31707105297      
145         -324864.08086136676      
145         -326903.03087327821      
144         -322445.86577037786      
145         -327178.71561179601      
145         -325520.60258002172      
145         -325339.5911390041       
144         -320226.37698432233      
144         -321447.50135911297      
143         -316673.80493691261      
143         -316977.62611592602      
143         -316044.51769829303      
144         -318730.80878227018      
143         -318589.2277677767       
145         -325855.4841472985       
144         -324642.61815585755      
143         -318888.82303568372      
143         -318930.49834929325      
143         -316701.72856015747      
144         -321767.40000098303      
144         -323766.40276293602      
144         -325911.45433818782      
144         -324040.03213112068      
144         -323919.68862981547      
144         -325208.002520298        
144         -326686.06966592243      
144         -323552.48431170417      
143         -319287.36387969635      
143         -318832.42696547182      
144         -324759.15905919322      
143         -321290.74451757054      
143         -320349.12820207141      
142         -314387.20220766269      
142         -312780.52117566287      
142         -311260.57184409059      
141         -309374.84693706827      
141         -310298.37677364517      
142         -315629.62424994871      
142         -315076.17985515331      
142         -316042.16581568279      
142         -315148.07306995627      
141         -311011.13824905525      
142         -313318.27313362807      
142         -311276.07193499175      
141         -307920.95546335867      
141         -307092.32198857953      
140         -303688.96572355262      
140         -300489.20155754458      
141         -304348.70296084462      
141         -301525.30753945         
140         -296959.71474925423      
139         -293087.41403257655      
140         -299240.73781262361      
141         -303005.69264496979      
141         -303942.29343822174      
140         -300186.95239701797      
139         -296664.64683051832      
139         -298001.08137720451      
138         -294954.97503216995      
139         -297706.641657901        
139         -299232.0383690187       
138         -295481.22061515821      
140         -301842.25036639487      
139         -297340.66027174389      
139         -296615.39127335895      
139         -297284.51714310521      
138         -292484.02176019264      
136         -284397.94524891116      
137         -290883.98636050703      
138         -293361.64871907991      
138         -294756.4734372989       
139         -296148.15821243532      
139         -299210.12957327103      
138         -299742.23901181435      
138         -300472.7874801791       
137         -296631.61284437741      
137         -296100.30662013986      
139         -299681.37747632922      
138         -298035.30450886791      
140         -300007.72188890725      
140         -300287.9010933477       
140         -299858.09607350215      
139         -297313.39552998974      
139         -298169.00290304341      
139         -300397.95227519562      
140         -302588.07380739303      
140         -301593.28073666443      
140         -301660.85793756822      
139         -300133.00118274172      
138         -296073.27745855169      
138         -297031.97325238632      
138         -294964.95409266476      
139         -297668.46562463068      
139         -299895.19031169277      
139         -300764.13583578129      
141         -305325.35125766334      
140         -304242.77904126013      
141         -307313.57775302412      
140         -305102.37573456496      
140         -306810.99275778281      
140         -306238.54813605477      
140         -305917.79367653793      
141         -309606.62250498944      
140         -306608.28802154952      
140         -307082.27445962833      
140         -308647.0169657715       
139         -304075.15001413261      
139         -301098.08717930841      
140         -302951.64556819882      
137         -293624.30855121481      
137         -293910.73077662295      
138         -297531.29844599857      
137         -293588.14288387552      
137         -292394.34186313441      
136         -286912.11291513545      
137         -290588.33895270695      
136         -289475.9946156285       
136         -286398.57466240798      
137         -289816.13015270239      
136         -287020.88841970079      
136         -288782.90923379967      
137         -287405.95312803937      
137         -286663.3354755718       
137         -286441.58253183111      
138         -289231.42091964721      
139         -291348.39725521969      
139         -293221.74202037277      
138         -290082.77760027512      
139         -292580.53605419386      
139         -295760.07886644569      
139         -293871.22558048391      
139         -293853.66456009739      
141         -297932.67076383438      
141         -301789.68431076122      
142         -302461.30365175457      
143         -306568.52510388807      
141         -303401.78484185395      
140         -302381.73430912592      
139         -301452.34753017075      
139         -301400.26626354211      
139         -300533.3465676771       
139         -300912.29266578739      
141         -302936.02778728947      
142         -305856.17404774745      
142         -305881.29826046899      
141         -303440.1747931299       
142         -305130.22704481176      
142         -304912.16254458472      
141         -300327.08612824103      
142         -303860.88238200778      
143         -307479.73088294792      
143         -308077.57916886383      
142         -306559.77458279219      
140         -302070.45001179562      
140         -301344.08998612314      
140         -301227.93877294555      
141         -304676.60130167537      
141         -306128.5816514449       
140         -300370.60260501137      
141         -306937.64553640434      
142         -310392.73046778841      
141         -309056.23797418427      
141         -311159.594222354        
142         -311061.29381843662      
141         -308744.4044486417       
141         -308816.25695547485      
141         -308232.96296607226      
141         -307421.47441567818      
139         -299976.52024361328      
138         -297214.67999793414      
139         -300342.15377385262      
138         -297083.56031117687      
139         -297670.98244370852      
139         -298539.73081000551      
139         -296995.39349890366      
139         -298937.80076451169      
140         -300841.59764092485      
139         -299250.58517903439      
139         -298638.37709481042      
141         -305247.95906082622      
141         -304280.30662079511      
141         -304190.0848468878       
141         -304688.16943539516      
141         -304034.81613299967      
141         -303562.4559549744       
143         -308733.29403485399      
143         -306763.77523268468      
144         -310581.18157523335      
143         -306828.14642254112      
142         -303862.76797403744      
142         -302862.05788133247      
142         -303401.91829791723      
140         -295188.49207417737      
140         -294843.50595690229      
140         -296731.68166726775      
140         -297065.51183124742      
141         -297497.66540088144      
138         -289811.41881129297      
139         -292405.83747687499      
138         -286413.17129883566      
138         -291858.096971135        
139         -292107.54992992542      
139         -291282.18164807127      
140         -293728.57823225594      
139         -288285.688514715        
139         -287437.03432727506      
139         -289394.78308176983      
137         -284627.5234268874       
139         -290194.71680204169      
138         -290951.93037384015      
138         -292336.86936602613      
138         -295739.00289729185      
138         -295110.04772932199      
139         -296718.10399774701      
140         -302132.01242468262      
140         -300195.02813281922      
140         -298974.46010379656      
141         -301487.79967904254      
141         -301596.94394652353      
141         -303154.8648407209       
141         -304274.45388794324      
140         -302779.84081146907      
140         -303818.90248225175      
141         -308712.53979150613      
139         -299053.09269400476      
139         -299814.42538964632      
139         -297945.40971238841      
140         -299514.84881787427      
139         -297906.97483237658      
140         -301282.08872840053      
142         -308698.1141516575       
144         -315642.67715089943      
145         -318291.88466377469      
144         -313188.32818360114      
143         -311996.72579173313      
145         -315310.12135378667      
144         -313327.93550782918      
144         -313892.64014271513      
144         -313206.1897872694       
144         -313075.03334211581      
144         -315627.06385945523      
145         -316868.06589803554      
145         -316263.53904625913      
143         -311368.7854906912       
143         -310144.77288432966      
145         -316277.45114466362      
145         -316582.23860875727      
146         -319227.17531679035      
146         -320379.79256441107      
146         -320785.90613064863      
146         -321773.55839694839      
147         -322579.42152894801      
147         -324244.27631371422      
147         -326882.65079453663      
147         -327479.79573176836      
147         -327497.79234084301      
146         -323451.61528726073      
147         -326688.41235711903      
147         -326549.16785571643      
147         -326965.79051255877      
147         -325750.80503910943      
147         -325080.87738783698      
147         -325421.51992980391      
146         -322602.96904366824      
145         -321576.94977257104      
145         -320986.95149894932      
144         -317774.32261322509      
145         -321851.32277074188      
145         -321324.18287791964      
144         -314835.03048967721      
143         -314202.62579542754      
143         -314830.26593651104      
143         -314721.21756683302      
143         -312452.35399089486      
144         -313574.59066735697      
145         -316431.29765655467      
142         -308997.35325876967      
142         -307784.64490386588      
144         -310753.16183989111      
145         -313383.76707824983      
144         -311927.67160037358      
144         -312503.42918327567      
143         -308069.93104534806      
142         -306702.14729126077      
142         -307507.36407913896      
140         -302205.30643936701      
139         -300413.82901918748      
139         -300350.52157103445      
140         -301153.72136032797      
139         -300197.15613878932      
139         -300141.12892792252      
139         -299465.55831241386      
139         -300343.37449818791      
138         -296989.50085844554      
139         -298822.55829992174      
139         -299959.11043530586      
139         -300433.12417538208      
139         -299796.04060334794      
137         -293636.65823336178      
138         -298980.85661927756      
138         -298310.77880187216      
140         -303668.95713344589      
140         -302790.24513560056      
138         -297427.78447719879      
138         -295561.72677685495      
137         -293217.53925022273      
137         -290498.97213701304      
138         -292361.41260502639      
138         -291578.66488800815      
136         -285137.2856540294       
137         -290942.73292128847      
136         -286339.08476463892      
136         -286545.39627707389      
136         -285408.71884717321      
136         -287567.29831769015      
135         -284301.63251405337      
134         -279417.06419702515      
137         -288628.68780848576      
137         -287697.90617449826      
137         -286374.00901296199      
137         -285393.66007303499      
135         -281611.40974936669      
135         -284475.30696171452      
133         -276835.77579355938      
135         -281539.20096628944      
135         -279839.09921498364      
133         -275524.60668467847      
135         -278468.69959594135      
133         -274429.78577714437      
136         -282350.32180487696      
137         -283852.97308062005      
138         -287085.7531611693       
138         -285545.1149384341       
139         -289830.52376526454      
139         -289171.76689610089      
138         -288229.84573217086      
139         -289284.85523459816      
139         -291239.58022974012      
138         -288507.30430204852      
137         -282794.42642719956      
137         -281782.94450099522      
137         -280832.79932198592      
137         -281287.99860028853      
137         -285625.82615992561      
138         -286005.85232050403      
138         -285653.1558459443       
138         -287276.05324119749      
138         -284751.48956293159      
140         -289687.74492150475      
137         -282752.37142332405      
137         -283017.02984661853      
136         -282097.03573353344      
137         -287075.96480023931      
139         -290708.86498621537      
139         -290678.73594602419      
139         -290121.95149165345      
137         -287013.11946541833      
136         -284532.34776912938      
135         -280178.48989616847      
134         -277892.52631459641      
135         -278731.76447791792      
135         -278568.75892924436      
136         -277718.10615582112      
135         -275396.733795629        
133         -269988.00890905235      
134         -272777.30776740686      
133         -267153.58619547012      
132         -264267.95331673778      
130         -260460.99574195076      
130         -259542.87835238036      
132         -267781.61200286506      
134         -272997.24178952974      
135         -276213.28633608413      
136         -278762.78051359579      
133         -270363.09636149654      
133         -270639.11462744419      
132         -267824.91319105378      
133         -271355.35066991654      
134         -275168.24371400592      
134         -275409.34309223312      
134         -275736.90239138936      
133         -274000.56870777288      
135         -278628.86378807807      
135         -278113.84069558355      
134         -273255.2254331265       
136         -278783.6051340485       
135         -275773.90283507551      
135         -274095.30106442759      
135         -275054.75215152453      
133         -270669.68025290791      
132         -270530.86768932315      
131         -268869.89029958565      
130         -265515.12989815813      
130         -265205.48127866205      
133         -271778.3260507654       
137         -284556.18014112103      
138         -291094.11605654104      
138         -291234.67328601459      
138         -293529.41723911476      
138         -294849.48208760144      
136         -285733.83821194002      
136         -282437.62002316071      
137         -287261.2691558199       
136         -282500.74593618751      
138         -287663.66957105155      
138         -286291.24538435566      
138         -285972.31696909614      
138         -287426.06784865598      
139         -288747.61120983533      
139         -289676.34909242997      
138         -287780.76115800178      
137         -283443.85987237637      
138         -282992.51330101112      
138         -285984.27884467551      
138         -285195.87431763136      
137         -282951.4810227683       
138         -289783.7415271519       
138         -291389.97152199131      
136         -281898.62029918859      
135         -281399.79575976572      
137         -285600.82197851589      
135         -280592.20555754         
133         -277717.34395142505      
132         -271750.09630131221      
132         -272343.70386049978      
133         -275522.00805892143      
135         -278467.20346591191      
134         -277612.99325885333      
138         -287817.92787182366      
137         -287564.9648939512       
134         -278230.38071793661      
135         -280832.83971303503      
137         -287506.86652315955      
138         -291405.74656293762      
140         -298195.46609195729      
140         -298475.40036886162      
141         -300797.81969143846      
141         -300891.34758843237      
140         -300549.70606293785      
140         -300341.65426532284      
140         -299450.53479902341      
141         -303488.54665924457      
142         -307648.77161262668      
143         -311218.7359296662       
143         -309285.42252280674      
142         -306113.27800108405      
142         -304873.41191412404      
144         -312441.61157942435      
144         -313159.4088001441       
143         -309347.54103981861      
142         -303335.36403640592      
141         -301272.72814564145      
139         -295170.29566958389      
140         -301312.90583442466      
139         -299301.75053478003      
142         -307114.73207505688      
142         -307965.58278435818      
142         -307511.28861691878      
141         -301915.11489053606      
143         -307425.30814951623      
143         -307679.24723219138      
142         -306266.87309974735      
143         -313811.27313697914      
142         -311848.59780215478      
142         -310019.50857814029      
142         -312981.79976538022      
141         -306512.341424693        
141         -308524.59159741882      
142         -309262.6538529445       
142         -311119.70276322804      
141         -306426.91105103644      
142         -309477.65362576384      
142         -310604.44779514871      
143         -312252.89490104647      
143         -310304.50200720341      
143         -312765.53626774665      
143         -313284.65426354826      
143         -312648.07099714736      
142         -307020.28914091992      
142         -308262.23500806454      
142         -307620.1561802997       
141         -304373.48184205941      
144         -311286.84054608445      
144         -313433.41924648755      
143         -311861.57403704384      
143         -311145.56774174375      
142         -308280.45784330775      
142         -305907.60048164986      
141         -304845.79881665047      
141         -303444.54616544116      
141         -301406.29928313603      
140         -297116.41086732154      
137         -289042.89333836507      
138         -292373.41026960674      
136         -288363.47095083044      
138         -294228.36138742138      
139         -298067.46996762959      
138         -293145.34697093919      
139         -296358.93133592146      
137         -292877.57628442417      
137         -294986.24121029378      
137         -294625.69166268973      
137         -294253.01722422417      
139         -297364.89144067315      
139         -298166.60980981239      
138         -295370.23362748779      
139         -296223.41543877224      
139         -296304.22862519452      
139         -298120.42855932168      
140         -299585.91360242717      
140         -304272.15236813948      
140         -301224.44704985316      
140         -300358.53718113486      
139         -294991.62862345891      
138         -293563.76068453654      
141         -303351.50611929235      
141         -300975.94974506123      
142         -303103.6672779108       
141         -302080.72982150374      
141         -300423.68628556794      
139         -292995.36099678883      
140         -295955.09147942776      
139         -294357.97737023246      
140         -296335.48119295796      
140         -295702.55879625399      
139         -295087.24100136163      
139         -294940.75105725211      
140         -298486.47524327063      
140         -297511.87531635957      
141         -303006.509075829        
141         -301575.64951995574      
140         -299782.13965756033      
140         -299601.94112756505      
140         -299536.61764477612      
140         -301305.87417127768      
139         -298977.04969297105      
140         -301623.75445202144      
141         -305317.75299309811      
141         -304910.91888896277      
141         -305655.87781439151      
141         -303743.87959371571      
140         -300439.62265557988      
140         -297986.21875943046      
140         -298778.48460590444      
140         -299518.097531743        
141         -305672.23721322918      
140         -301475.15957507672      
139         -301653.97153388208      
139         -300321.3850463698       
139         -298127.49459718633      
139         -299143.733483863        
139         -296414.43370087701      
139         -297162.27423459303      
138         -295796.06910817476      
140         -301814.15891331929      
140         -302543.11135882646      
139         -296680.46252158436      
139         -296886.64214446407      
137         -289426.0788518567       
136         -285564.44225226279      
137         -289540.59458213171      
139         -295846.76382984826      
138         -296129.80355173064      
137         -293195.66851162864      
139         -301743.12972791353      
137         -294995.6569642846       
136         -293326.23544912075      
137         -297353.43933829415      
138         -299429.61395122972      
138         -300514.00693822472      
139         -304602.97858182341      
140         -308610.33585867146      
140         -309485.45134064334      
139         -305421.54852021585      
138         -298060.58792356867      
135         -291552.57308744639      
136         -294874.67174440762      
139         -303306.31912933744      
139         -304077.43793941569      
139         -305034.92956484237      
139         -304538.69834845205      
139         -303414.39719741209      
140         -305175.59522925667      
139         -301069.88518823148      
141         -305906.45549368596      
141         -305948.83193877246      
141         -305874.58931140247      
141         -303889.52382125391      
140         -304319.98663344549      
139         -296391.92416590516      
137         -293621.25108061032      
137         -295854.08048859937      
137         -295972.94736041501      
137         -295842.4572791768       
139         -300517.79492739576      
139         -300957.60387540248      
139         -302293.12627252052      
139         -301410.03432519478      
140         -303648.31251286995      
140         -304031.92460787401      
140         -306356.95766548219      
140         -305623.24155161751      
140         -305151.25995011441      
139         -301839.38242472231      
139         -302395.74517180433      
139         -304010.70080693252      
140         -308709.55519683508      
140         -307787.34153555578      
140         -306432.39944983891      
141         -307759.93108267692      
139         -300270.89148383768      
139         -300369.48168212525      
140         -302987.35049604881      
138         -295842.439161574        
139         -299237.35444707447      
138         -298145.61779729836      
139         -300878.50320793263      
139         -298311.27671376336      
137         -293764.97117398266      
136         -291394.84443359834      
138         -297608.67276230041      
137         -292610.93817193061      
137         -292879.25454397895      
139         -297554.92102842737      
135         -287423.50281196221      
136         -293588.04835735739      
137         -298132.20994592027      
139         -302450.76034624327      
139         -301318.65893000958      
139         -300580.96915556997      
139         -299810.18811601459      
140         -302643.97985958215      
140         -302643.18478198251      
139         -300945.8815405916       
138         -296358.96272720909      
138         -295413.34754046338      
137         -291286.53873037663      
137         -288237.68828334555      
136         -287330.45071411424      
136         -286531.2202567354       
136         -285342.52757422684      
134         -279557.72649048176      
136         -283428.65021406981      
136         -282391.97496390081      
134         -277024.52727682714      
135         -282101.24113263481      
135         -282934.30189742014      
137         -286119.44070691732      
137         -287473.10542875185      
139         -288474.29481703404      
140         -291221.88501284749      
138         -285715.92328970664      
136         -278560.15402846748      
135         -279281.51407664991      
135         -282168.56456065108      
135         -278979.32206120214      
134         -278039.09423116711      
135         -278133.39959426865      
135         -278056.97085235704      
136         -280404.78398236836      
136         -281696.2181202987       
136         -281295.37795815209      
136         -280836.1311577626       
137         -285179.82594761078      
135         -280576.32567060774      
134         -274800.19715797517      
133         -272987.61048084323      
133         -271530.63843365258      
134         -276647.48327257531      
136         -283117.22010163113      
135         -281338.11675494653      
136         -285221.4335712152       
135         -283709.58751772472      
134         -282563.43065613264      
134         -281390.82773390808      
133         -276865.74695689569      
134         -277502.51505885349      
133         -275859.75228919939      
134         -280624.32873904274      
134         -281949.44941372424      
134         -283972.89194232429      
135         -287060.3070236221       
134         -282979.47627802053      
135         -285376.37572800543      
137         -292586.33893540117      
139         -297931.20043074165      
139         -299669.86827645742      
140         -304472.42321234307      
139         -300161.71044013486      
142         -306602.15398254932      
141         -303034.38474011992      
141         -302922.59412888484      
139         -296071.80144940759      
139         -296910.92104953341      
138         -294946.07994600851      
139         -298895.31222583668      
139         -298681.22984370356      
139         -297115.51526680408      
139         -297866.9512487505       
136         -287521.94433943823      
140         -298757.86620290182      
140         -299098.78665583173      
139         -298091.01059608493      
140         -300391.52156544104      
139         -301053.14899983467      
139         -299589.65406961471      
139         -299795.39757934236      
139         -300301.54570001643      
139         -298429.40727199928      
139         -297225.45015396597      
138         -294833.62729469629      
138         -292110.64037119993      
141         -303995.31777890684      
140         -299519.80533681618      
140         -301290.52568166831      
139         -299651.60532589164      
139         -301159.38996185479      
141         -306142.74358472915      
141         -302355.02195718425      
141         -302648.22486299853      
140         -299190.54666746699      
139         -296308.90123822587      
139         -295683.37543942104      
139         -296129.18230355869      
139         -298060.06546277803      
139         -301484.06507967948      
139         -301961.14794603811      
139         -300568.10482191667      
139         -301635.98318846629      
139         -301280.28980699519      
139         -301613.20861568954      
139         -302871.18078103324      
139         -302212.82427803561      
139         -300204.40925027779      
139         -299185.67926251033      
139         -297702.25490919407      
139         -297438.16625862138      
139         -296496.16717760992      
141         -301035.06651269202      
139         -294105.14993894438      
138         -292848.20310520951      
137         -288975.71907186182      
138         -292365.45431100077      
139         -294450.68817640212      
139         -296397.54771871027      
138         -292060.57585000875      
136         -284150.63585318916      
138         -292522.924487538        
138         -295111.07369555638      
138         -298722.79365715844      
139         -299744.21067010215      
138         -298218.02494480077      
138         -296845.56396515446      
139         -298912.57607033243      
140         -302459.09751317732      
142         -309137.01518280071      
141         -306843.37402979366      
140         -302482.86791435059      
139         -297673.56796756142      
140         -301316.46176252118      
138         -297763.89498115092      
137         -293804.383115515        
137         -292960.15923127928      
136         -290869.12761782401      
138         -294549.87059110822      
138         -292706.14058488712      
138         -291380.09482764255      
139         -293900.2375438608       
140         -295514.60035868071      
139         -290171.3138502856       
138         -287374.83887198404      
136         -281568.04627416993      
136         -284724.20403127192      
136         -285385.62995236216      
137         -288917.54058163753      
137         -288829.92871261283      
137         -288135.36180716217      
138         -290037.96018159681      
137         -286778.89880967123      
136         -283781.94593135704      
137         -283526.47906411887      
137         -282261.24537891254      
138         -286835.1157268947       
137         -284217.56228422484      
138         -283827.11338911566      
138         -286632.31661728257      
136         -282204.95791910036      
138         -289075.27848047786      
137         -287969.19289833528      
137         -286975.81304583396      
136         -285214.28755306639      
138         -292125.31391334231      
139         -294204.6048274308       
136         -283873.87289041106      
136         -284684.7287066502       
134         -279846.53479091031      
136         -283294.61708122608      
138         -290541.53134293866      
136         -284339.12870583643      
136         -285486.77040060406      
137         -288189.54750475218      
137         -286084.24381042132      
138         -288478.86231312493      
139         -291913.27987724519      
139         -290674.14789677737      
139         -291155.39518471586      
141         -297078.21797528956      
141         -299742.67163120932      
141         -300913.60954417026      
141         -301933.09942145611      
141         -302040.76675222471      
139         -300888.20371828007      
139         -299541.87982524163      
141         -303311.29126419395      
141         -300981.33734901098      
141         -297874.32055634371      
139         -298595.50451488054      
139         -297859.12359588029      
139         -297426.32635349594      
138         -292645.88619159604      
137         -290892.31088472024      
136         -287858.49697524926      
137         -291185.72995516006      
139         -293224.60561953456      
138         -294057.67451725854      
138         -294811.05824315362      
137         -291452.14929482189      
137         -291765.48302498634      
137         -291833.4693940045       
137         -294289.12516574078      
139         -298157.78713079769      
140         -302801.4898319784       
136         -290947.25713684177      
138         -295838.02978634275      
138         -297114.85362985893      
136         -288335.6064672299       
137         -293304.72030445002      
138         -298005.72517219972      
139         -298876.38218107063      
140         -301376.73624106852      
139         -298901.28022086993      
140         -304068.20891866891      
139         -301411.23395167745      
139         -298135.90471429145      
139         -297009.516711462        
137         -291504.25214375794      
138         -294275.34173096751      
137         -288164.23815713334      
139         -294066.00978499954      
139         -295138.65370535245      
141         -302248.77363680396      
140         -299375.79268053547      
140         -302682.65160417976      
140         -303615.61974975746      
138         -297302.62482515851      
138         -296287.4600310963       
139         -299637.30432423705      
138         -295034.59205572843      
137         -293880.87795866211      
136         -293228.82507792697      
138         -296233.1625051822       
138         -295789.33465643151      
138         -297350.46351365314      
137         -293067.33109452669      
139         -295496.68674596644      
139         -295402.37640277419      
137         -291091.52889390296      
138         -291950.90242440405      
138         -292301.25971179677      
137         -287246.16396077228      
138         -290472.93764139386      
138         -289994.26157359174      
139         -293551.1463697236       
139         -293871.58299846615      
140         -297842.22083456925      
139         -293688.67477947363      
138         -290797.59015785891      
136         -287506.59617915197      
134         -280379.7017588414       
136         -284887.77028248773      
135         -283707.47874330753      
134         -282442.4701854079       
137         -290520.68403032568      
135         -286779.74037426634      
136         -289114.34628386586      
136         -286161.15418570791      
136         -284401.19199863274      
137         -288490.14006056671      
139         -290953.56849371234      
138         -286464.33584911702      
137         -282178.45507871726      
136         -282388.83033375058      
136         -281322.05451032316      
135         -277994.27301914181      
137         -281858.51370391087      
138         -286217.83939107624      
138         -288818.40449196158      
137         -286893.69771329599      
138         -289568.15987595718      
138         -288225.03096151305      
138         -288427.7644192907       
138         -289963.97585473041      
135         -282665.5870450543       
135         -281857.62988118612      
135         -280735.79042034794      
138         -285667.10081314459      
139         -288677.13413630932      
139         -288765.60570506507      
139         -288838.72146613384      
140         -293623.46195799002      
139         -287271.64011600241      
139         -291844.83307447465      
139         -291504.49281929451      
140         -293676.15628489049      
141         -298726.55576307944      
138         -290110.00462933833      
139         -290905.07141622744      
138         -287257.08906265593      
139         -291264.07459360425      
140         -295940.97507135454      
139         -293268.56629276363      
141         -297274.40819926071      
139         -289793.38631167612      
139         -290618.90571419388      
139         -290252.652514524        
139         -291134.01442576607      
139         -288785.30061932956      
138         -284798.9440951806       
138         -283761.87320557691      
137         -283368.00682372937      
136         -280101.57201866235      
135         -277644.21037924499      
136         -281186.71667897713      
135         -280305.07549890137      
137         -284766.43254130334      
135         -279625.5120623617       
136         -282446.05250816327      
137         -285882.14762635803      
137         -287581.2605697253       
139         -291073.97853362263      
138         -287193.34358260123      
139         -290038.56387530372      
139         -290069.82997817273      
139         -291180.80449637462      
138         -289656.45262011676      
138         -291284.33120784257      
136         -285085.95963930502      
136         -283759.51854039449      
136         -284482.72995857161      
135         -283198.91259276541      
136         -285158.34858435998      
136         -287125.26639636059      
136         -286966.52163272019      
137         -289104.59086608276      
138         -289161.21556662372      
136         -283306.60268062289      
136         -282980.64536511659      
136         -279730.40046910569      
136         -282721.93283890473      
138         -286121.02737504279      
138         -285548.17285845755      
137         -284712.9189147891       
137         -285097.05735688977      
137         -286545.65522429277      
137         -289304.66203955148      
138         -290021.64578373183      
140         -298532.53273737908      
139         -294946.21666092641      
139         -295568.95981649333      
140         -296517.94802814582      
136         -289031.19190231094      
136         -288897.54548428848      
139         -296352.00514360273      
137         -293053.87718497735      
136         -291426.80497191881      
135         -290221.21865049837      
134         -286287.8447692527       
136         -291607.56519509479      
137         -291427.48421187437      
137         -293009.22889218037      
136         -290022.10111640301      
137         -291079.19126171019      
136         -289882.82101624773      
137         -290061.60969943088      
138         -290832.6098303108       
139         -294092.57860294066      
139         -297317.65295419958      
134         -285016.91478680458      
135         -284384.69084079028      
136         -290512.28365629306      
137         -292033.64403959084      
137         -291141.54315927438      
136         -285860.25693065283      
137         -286091.81210602913      
136         -286054.00700790109      
138         -293374.12422964658      
136         -286440.8407058373       
140         -295987.87238491804      
138         -288648.74109823821      
139         -290792.40714955493      
138         -286154.8394552666       
137         -279485.00761364977      
139         -287157.04732925876      
137         -281653.11165224784      
134         -275032.61546431738      
133         -272106.20468013396      
138         -287012.31567499385      
141         -297157.46613431         
141         -296369.74907208257      
141         -296937.21746209951      
136         -281084.39156379807      
136         -279295.37432670512      
135         -278805.01794435817      
135         -278297.21461119573      
136         -283286.5734402308       
136         -280976.32196575368      
137         -284426.39836750028      
138         -286992.56152653345      
135         -277067.93207721261      
135         -276536.53062146041      
134         -271592.87898400682      
135         -274252.90519372839      
134         -273668.7313637195       
134         -272351.62553263525      
135         -274708.54606449639      
135         -274340.05574641243      
136         -275795.56184720306      
131         -262676.61142657243      
132         -264107.511886906        
131         -263831.06075713318      
129         -258569.47951626015      
130         -260735.10277875519      
132         -270110.98880072456      
134         -280639.24383118283      
136         -284808.45982490754      
135         -282802.88819230255      
135         -283051.45296305948      
137         -290972.89807190478      
137         -289714.74114686484      
140         -299501.44949919428      
138         -292206.5592606226       
138         -291709.64993222005      
140         -300314.60624820337      
142         -306070.95098493237      
141         -301155.20638850995      
139         -292813.34204510407      
138         -290519.18801623676      
139         -293987.41108471621      
138         -289826.34676191898      
139         -292475.54805225763      
139         -292879.75917506241      
137         -287235.97057373798      
137         -288386.68458559876      
138         -287741.95430157136      
139         -291402.63249852858      
138         -290783.37071720185      
139         -293886.65060912241      
138         -291461.30698076414      
139         -295531.52054811543      
141         -305332.24603280949      
140         -302014.61014121643      
140         -301714.14998833224      
138         -294662.85656644875      
138         -292805.28538409987      
139         -296411.09892446251      
138         -296563.1872824789       
140         -305175.29549775249      
140         -303233.59216507809      
139         -299862.08822240261      
139         -302372.12808890152      
140         -304373.50223721878      
139         -301836.21938113729      
139         -300387.26356701006      
140         -304258.82851563604      
141         -304891.55220289191      
141         -306635.64155314723      
140         -300193.16041480773      
140         -301834.27609236923      
140         -304348.2187157236       
141         -306660.19761404069      
141         -307685.92610160366      
141         -306532.53005068121      
142         -307228.55718474637      
141         -303424.29400484206      
140         -301755.02397000045      
141         -306627.57736568456      
141         -304992.96837937203      
141         -304550.20297743881      
141         -304526.85575893591      
142         -309002.15754218458      
141         -307492.07042356435      
141         -306424.91081581096      
141         -304820.6528134098       
141         -306113.39499125315      
141         -306987.58292760747      
142         -312329.19891170622      
144         -317386.72482367256      
144         -317967.31564803945      
145         -318497.7005332876       
144         -317224.43385254988      
142         -310992.00401447713      
141         -306286.4704447923       
141         -305401.77737641707      
141         -304867.31405379163      
141         -305189.97276186961      
141         -304150.34756665659      
141         -302634.72174347308      
141         -302198.93885289074      
141         -299459.92316469562      
140         -298569.61906841875      
139         -299181.57138209918      
139         -298322.03769693         
140         -301943.60120917438      
140         -302316.47248060739      
141         -305003.0544215102       
140         -299404.01193290332      
141         -301711.18515772192      
140         -300892.52750401583      
139         -302640.86469446681      
139         -299321.33886134205      
139         -298872.52651610528      
141         -304898.84178753512      
140         -300676.40869877744      
141         -302375.51331733493      
140         -298876.453438711        
140         -300189.33655421407      
139         -297237.38453506143      
139         -293292.48710452789      
139         -291398.05039526528      
138         -285206.17322467174      
138         -287119.42425886705      
139         -289934.60763602343      
139         -291090.42709235707      
139         -291760.23884246394      
138         -291233.99847417779      
137         -289160.91198750399      
139         -296196.23898240912      
138         -293986.92619072972      
142         -304466.45756682288      
141         -299910.68155794009      
141         -301743.07883831742      
140         -299455.55693156051      
140         -297774.50239020569      
142         -301939.67781900847      
141         -299829.04323876905      
141         -299899.135536363        
140         -297160.54754721653      
139         -293541.82717526448      
139         -294064.29171644762      
139         -292837.11855383241      
139         -291259.6158606516       
139         -292001.83880949963      
139         -290020.54780282732      
140         -291622.7800600605       
139         -288741.6243400157       
137         -284111.01604924339      
138         -288540.96850317792      
136         -282221.34158538736      
136         -281726.17077608325      
136         -282664.44286742259      
136         -285163.12069945422      
137         -289906.99024048302      
137         -290813.77159873059      
138         -289450.71960648184      
138         -292733.24722480919      
138         -294556.19327347452      
136         -289386.0728069733       
136         -289115.20852726384      
138         -296947.39360293816      
139         -299819.78251544689      
138         -295863.66231548181      
138         -295341.85305165953      
138         -292748.44889341213      
138         -288730.94038209296      
137         -290066.47934984503      
140         -301700.05020870082      
138         -295095.79008527042      
139         -297856.91303921468      
139         -297509.98073025199      
140         -299112.52102300141      
140         -300691.27808633551      
142         -305902.75095303945      
141         -304429.09594974015      
141         -304590.54453158402      
141         -305058.15768221708      
141         -304844.10377467802      
141         -305021.30819863477      
140         -300896.57073805918      
140         -300631.86738824687      
141         -301998.64729197911      
141         -302993.99640667322      
140         -298451.96859791572      
142         -306275.66234883684      
142         -305646.51804706897      
142         -305221.17194921349      
142         -305438.78036365518      
142         -304939.48724539182      
143         -308449.53324385383      
142         -308040.60147377278      
142         -308108.93286611058      
143         -313308.73649843893      
143         -312823.75427307223      
144         -315314.38438300008      
144         -316786.23154882365      
143         -314277.25312586827      
142         -312939.93220004777      
143         -313703.99783588591      
143         -311929.9567939507       
143         -310814.08007359918      
143         -311232.85464874434      
144         -312902.58692274633      
142         -308229.23307493364      
142         -310645.69780182466      
141         -305142.30757460179      
142         -305273.94073140575      
140         -300946.69636549894      
143         -308590.69461983384      
142         -305557.53312427306      
142         -304744.98061858281      
142         -305366.25329029496      
143         -309947.58885657624      
143         -308670.38818938134      
142         -306406.13697937003      
141         -302209.12983995106      
141         -302827.06423801533      
142         -302730.58795894787      
141         -298267.44479094597      
142         -300872.68398614228      
141         -298699.78652305587      
141         -300922.09979559295      
142         -304495.9486259392       
141         -298912.35933641554      
142         -300400.36783625197      
141         -298439.36070955452      
140         -295727.45727419434      
139         -295934.54244480509      
139         -295735.42353904544      
139         -294576.50866849371      
139         -294608.19053717854      
138         -289601.77110188198      
139         -296670.21653856337      
140         -298375.40543652495      
140         -297779.92217935412      
139         -290152.8106566068       
140         -293706.64015991037      
140         -295696.59201990016      
140         -297529.31655990792      
139         -296797.01782509475      
138         -295207.36093655904      
139         -296568.45438572101      
140         -301458.03239405062      
139         -297946.25985649484      
138         -293745.69206007826      
134         -282321.49470529688      
135         -283492.41462092521      
136         -284847.8487804808       
137         -288060.30065862561      
136         -281015.19603071967      
135         -277666.30347661662      
133         -272413.66755199176      
132         -268509.36303151911      
133         -271184.38286513346      
133         -272431.10862619814      
133         -273293.9518920884       
132         -270250.27116963896      
134         -277203.26041282632      
135         -277115.48197072319      
135         -283477.28171849152      
134         -279489.70775300928      
135         -283080.8442786989       
136         -283221.5731792713       
136         -283164.17763222591      
137         -286419.28059834242      
137         -286347.19654830103      
134         -278535.23384374339      
135         -281323.16996847303      
134         -279735.30411239504      
133         -274081.42506393761      
133         -274839.08915206959      
134         -274181.30734251672      
134         -276904.54245257098      
136         -282685.36787503539      
136         -282718.67884387873      
134         -279573.25012427021      
136         -284782.28840816976      
137         -289156.13749082078      
137         -292142.14815483254      
138         -296685.35113714711      
137         -294341.36106280575      
138         -296864.63683253585      
140         -300109.89142267627      
141         -303287.31795317424      
140         -302178.86096007633      
140         -304065.12960268906      
140         -304348.34591253335      
140         -304523.09624893847      
140         -303617.97201604664      
140         -304731.31844336551      
140         -304993.05458119814      
139         -301810.813426874        
139         -302805.95494003082      
139         -304617.56713289209      
139         -306196.74040793179      
139         -305921.33409546677      
139         -307069.7914122208       
138         -301371.89439463714      
139         -306751.26827338582      
139         -308688.15490574145      
139         -308245.07814816519      
139         -308389.11047905916      
139         -308201.84250324336      
139         -305498.35294450691      
138         -303003.72718687274      
136         -294279.76108189131      
137         -298606.18374324951      
138         -297283.04213793116      
137         -297825.56810700137      
138         -301518.32223575225      
139         -302458.10864683194      
139         -302757.82214813982      
138         -299820.27685678616      
138         -299409.80372222245      
136         -292714.7916799892       
135         -288231.32755270693      
134         -285418.10607399978      
136         -289005.70832486305      
136         -288441.04814697296      
139         -297380.67006605945      
139         -296942.80242832634      
136         -291034.31238152855      
138         -299927.15873672313      
138         -299086.14099243266      
139         -305292.54892491712      
140         -305238.50303013256      
139         -301564.51543146721      
139         -302525.89162261644      
140         -304746.2649784552       
139         -301209.65807346278      
140         -304751.40539487358      
140         -302374.68416576093      
139         -296940.35170057899      
139         -294713.81971471629      
139         -297470.02002990677      
138         -292574.35083847528      
138         -293520.08237563947      
138         -293992.98512995895      
138         -297227.18188332336      
137         -293829.86532268138      
137         -293505.14333062642      
137         -294832.22535472503      
138         -297376.34472683526      
139         -301653.30750638864      
139         -301565.55982850119      
139         -302794.20080892881      
137         -297834.67532097234      
135         -294434.20163482695      
136         -295259.50785229681      
135         -291768.3723770724       
137         -293690.17610072356      
137         -293707.86920065939      
138         -301021.81065663981      
138         -298660.95444629493      
136         -293028.05158551724      
135         -288739.10750232625      
136         -292124.76237393927      
136         -290673.36772801622      
136         -289552.19255091622      
135         -283682.51017673977      
138         -291105.5527222103       
138         -296023.61525499239      
140         -300555.9308890744       
140         -303152.98962650751      
138         -298316.44760122395      
139         -301007.35891764122      
140         -305860.96279243345      
141         -308318.38957835519      
141         -309506.68144399882      
141         -309237.02913373319      
141         -311103.45214617613      
141         -310637.77934868186      
141         -309560.52561922162      
141         -311670.8199896774       
141         -312520.96638831927      
142         -316597.97719275288      
141         -309971.66647473886      
141         -308474.81498035137      
141         -307350.55687223317      
141         -307919.22304658091      
141         -308125.78066774318      
141         -308708.88520926842      
141         -309199.51332928415      
141         -306691.73143159004      
141         -305508.77665241912      
142         -304880.1925450284       
141         -300374.551855625        
141         -300699.93160083692      
142         -306971.61978908849      
140         -303422.52272721141      
140         -303246.09188898979      
140         -304434.23234518489      
140         -300938.08766383259      
140         -296432.84924698068      
141         -300311.20358178311      
140         -300377.32423538715      
141         -302745.92907825008      
141         -303526.93269492162      
141         -302443.42871564679      
141         -301774.01501987746      
141         -302053.65377728257      
141         -304190.13637201389      
142         -305601.56332834787      
142         -306521.56394022098      
140         -301077.76731273823      
141         -305648.20887237031      
141         -307201.0606401781       
141         -306107.07068944286      
142         -306336.29903070303      
142         -306022.41248270578      
142         -305137.46097511507      
142         -304981.43656363443      
141         -301429.2954008861       
143         -305762.66060175898      
143         -307152.86307753692      
141         -299984.93176215922      
141         -300397.34089158301      
142         -305261.01795784704      
142         -305895.60483070079      
141         -306652.96102846053      
142         -307804.26610701036      
142         -308242.43514096353      
142         -308825.50620165974      
141         -306645.81492499041      
141         -307839.19458140491      
142         -309617.42779121222      
142         -308850.89388312458      
142         -306063.79575561784      
144         -312688.46956762543      
143         -311404.43164317822      
144         -314126.08019059937      
145         -316921.45336361689      
145         -315965.55801119586      
145         -317502.91957806743      
145         -318262.17521234404      
145         -319264.37806409318      
145         -320513.49325631361      
145         -318653.4249648265       
145         -313976.2847192302       
145         -314172.83868543094      
145         -316108.24337110843      
145         -315781.95942725346      
145         -316757.78561119159      
145         -319880.66575711733      
146         -323804.95794089889      
145         -320385.95831112855      
145         -317738.68117057002      
145         -319690.22355498001      
145         -320875.9742790641       
145         -320437.20500683092      
144         -317083.78208769241      
143         -313975.63554949634      
144         -316816.42604428623      
144         -313819.30660257058      
145         -317917.91584750742      
145         -317916.41766859533      
145         -318368.4472538227       
145         -316450.88812416384      
145         -316251.51767115807      
144         -315265.73035624216      
143         -313916.10947136534      
142         -309234.91894839128      
141         -308368.62559021136      
142         -312084.37980064435      
141         -309041.6183844154       
143         -313778.61515530036      
143         -315729.11123368703      
142         -311205.77568553091      
141         -307541.82524060778      
141         -308747.58026788419      
141         -309246.02044101246      
144         -316806.86554398842      
143         -313482.37909890775      
143         -310784.78989155334      
144         -310240.76412612869      
144         -311893.53435528115      
144         -312743.16354346427      
144         -314662.73190624983      
144         -316328.33504211565      
144         -316386.53488492605      
144         -315955.09363985958      
145         -317786.33116119157      
145         -318718.3774045895       
144         -318656.73596798052      
144         -318846.147604089        
145         -322693.0768345563       
145         -317647.47757148184      
145         -318731.87925326324      
144         -314413.85593245085      
142         -309391.58185695857      
142         -310943.6433627677       
142         -310494.40395710972      
143         -313965.49091932597      
143         -312133.44747515541      
142         -308151.20343035553      
142         -308197.57287931966      
143         -312723.67037589301      
143         -311602.53379147698      
143         -311826.30682717974      
143         -310399.11315831612      
143         -313018.81599634222      
142         -311010.19715454872      
142         -310899.20765659149      
142         -310451.47915509221      
144         -316161.71592639654      
143         -311005.32913003059      
143         -312217.02726542944      
140         -304702.16934343614      
140         -302447.75984950585      
140         -301351.56204909913      
140         -301070.25196830241      
140         -298238.51423749514      
138         -293084.65095946484      
137         -294890.99513759371      
140         -303408.06736749597      
140         -301211.69179327204      
139         -297626.65295991802      
139         -295477.19289407285      
140         -299706.34748072166      
139         -295522.59560730419      
139         -297069.13312451413      
140         -300049.47390489362      
141         -302562.01982357027      
142         -304094.81615773711      
142         -305664.4573687209       
142         -306495.20070753375      
142         -307145.49906562082      
142         -306294.18545550376      
142         -305782.50237069698      
141         -306569.56174027279      
141         -305697.5088266987       
140         -304630.15411647147      
142         -311157.19685563364      
141         -308230.1665108109       
141         -307177.48731222481      
141         -305512.11313228682      
140         -306189.19732044102      
141         -309286.56899922329      
141         -313492.47214020498      
141         -312053.38455696451      
141         -310391.06069787138      
141         -311710.02311381529      
142         -314900.11260461336      
142         -312514.09907960653      
142         -309072.85185590596      
141         -309271.05977930635      
142         -314864.15635622293      
142         -314255.54532800906      
142         -313501.77043385722      
141         -309837.87004479603      
139         -304445.76369682606      
138         -298077.94548358343      
141         -305358.19623608998      
141         -306391.8787971444       
140         -303980.67388885847      
140         -302041.4045457592       
141         -307186.65389580745      
142         -309822.82390900189      
142         -310728.96974061953      
141         -306857.39429773152      
140         -305359.75503830204      
139         -300909.99093200476      
140         -304735.38267533144      
139         -303723.02000290458      
141         -308364.41010965873      
141         -306550.5662729484       
141         -306675.63623863983      
141         -303891.32528007904      
141         -306302.69857073098      
140         -302532.94784284197      
140         -302051.37132573599      
140         -302707.99453874258      
141         -306656.65365972283      
141         -302594.91974040878      
139         -301168.94645846012      
141         -309399.86486545659      
141         -308636.12571555306      
141         -309082.08926852653      
141         -308808.46682260744      
141         -306049.17022741749      
140         -304244.27929919708      
139         -302172.3086714457       
140         -306485.74909541337      
139         -303975.74870457791      
139         -303007.12453446409      
135         -287176.24815696396      
136         -289875.80379593931      
138         -297848.6548417625       
138         -295262.40361092251      
138         -294796.71581951855      
138         -297489.60285202321      
137         -293663.06824609404      
137         -293269.57324603456      
139         -299222.20885648485      
140         -302446.87032437749      
140         -300594.5639538375       
140         -301094.97629124927      
139         -296584.79461737454      
139         -296878.74926957884      
139         -299402.9972187822       
138         -293241.33087481232      
138         -296309.10126455605      
137         -293047.1989359865       
136         -286043.102431593        
136         -280624.34013355133      
137         -285884.40692486649      
136         -281011.55318217358      
136         -282592.71928233502      
137         -287157.18113148131      
138         -292062.94871143613      
137         -291162.20331249095      
137         -290776.35881662916      
137         -288592.98259664216      
137         -290901.42458032037      
139         -296031.61104493268      
139         -296196.4693706801       
138         -291456.63205429388      
139         -298168.74035077752      
139         -298057.31165520404      
140         -301713.49838818447      
139         -298990.57386552193      
138         -294403.12988963292      
137         -291222.74198033579      
137         -290781.38880471635      
137         -288385.36374852137      
137         -289077.42412712972      
137         -290338.29680118116      
135         -282106.59186505794      
134         -276735.80684652086      
134         -276858.95342998608      
135         -279332.21978875814      
138         -287957.90409796394      
138         -290424.57486996811      
139         -293711.01813036849      
140         -296341.3811530486       
140         -295764.10102161707      
