550 1 -4350 35 35 35
58          -45213.110748610539      
54          -39537.286263155824      
49          -37419.170639550844      
43          -27725.032709174389      
49          -31245.601711481231      
37          -19783.496325281336      
38          -20653.511318723824      
41          -22932.551266986549      
37          -14943.817423224515      
32          -12744.074870645103      
23          -7513.8503682452174      
29          -11230.216124554378      
27          -10009.975880593105      
32          -15509.071304870769      
33          -13340.664533502222      
35          -16271.325948872041      
25          -8951.3654432012991      
30          -12722.136128898373      
34          -13059.06819331129       
37          -17113.749992798254      
38          -18017.240311357054      
41          -20647.646800739811      
36          -18122.278158198442      
30          -10185.972511243419      
41          -22788.48095232834       
40          -23871.240717664812      
42          -22879.632155080628      
35          -15728.000989189202      
36          -24965.429900944302      
31          -12425.392250390862      
31          -15606.720117828248      
32          -15658.531801519872      
37          -14949.663296347138      
30          -12178.585752704299      
27          -7630.3786452169315      
36          -12583.971007157324      
33          -17512.458976819769      
38          -20314.054950491471      
32          -15127.377317291453      
23          -8711.484902839984       
33          -14621.086233972052      
37          -17377.771469010215      
39          -20871.178866211703      
27          -7876.7716861847566      
13          -1206.7627003539828      
15          -1787.8904531858359      
15          -2557.1847869126509      
24          -5867.319024176426       
28          -11968.720963218395      
23          -8410.2343994836829      
39          -24169.81368330952       
48          -33109.202829403082      
52          -34880.005075823217      
53          -39451.206020441554      
57          -45811.76803944094       
48          -35686.115771876255      
51          -38168.734373840831      
44          -26154.090535099964      
33          -14902.41553260307       
29          -14657.042569731939      
25          -6464.748758257595       
22          -7875.7159277019937      
33          -16444.520175222933      
35          -16205.860180883381      
29          -13698.301358340264      
38          -18220.73479614282       
23          -6013.2282968914242      
29          -9876.8437800755109      
24          -6399.2889635041493      
21          -6806.9145568464428      
26          -6877.2221183645406      
31          -16536.923036269651      
32          -14073.653371414623      
30          -16065.994164045638      
28          -17243.85439724692       
41          -25994.408638755307      
32          -19582.087232950631      
35          -12975.186144820258      
27          -9555.0754745736813      
35          -17369.200916845486      
44          -21469.798916296269      
43          -24595.233772157851      
46          -26271.402711803457      
43          -20191.613194232588      
40          -18420.853538110554      
33          -14113.693776937947      
23          -5519.2758993765301      
28          -12778.084887754791      
23          -4341.6584403864053      
28          -9824.7629839940819      
14          -1042.1965727695606      
26          -7892.7921398597882      
29          -12784.201038198757      
40          -20295.471492649616      
32          -17449.921741658083      
36          -19633.81251830214       
33          -14497.013857528105      
39          -22276.211303857985      
39          -16048.252584089652      
47          -29169.733561324298      
50          -32607.352938914748      
47          -23498.783585613324      
42          -20774.23958342466       
51          -28719.927242700342      
51          -31184.357236336957      
51          -38493.691477456392      
57          -42048.402989866467      
55          -45004.298008907586      
45          -31516.731346491579      
38          -19606.192879188286      
34          -15999.643107872605      
39          -23523.732829676075      
41          -22552.397623510675      
34          -13880.821173840621      
36          -17965.255487923696      
36          -18250.802840786942      
29          -9972.9017571258082      
27          -7223.5586507074695      
22          -7336.5236083449126      
34          -16489.100009946927      
37          -17483.04165716131       
40          -20356.641664045957      
37          -18683.020840747085      
42          -22511.450732072233      
29          -10390.691731693008      
31          -10830.106392242758      
39          -21095.744935206862      
42          -22770.04964322018       
42          -22251.454848126334      
39          -22543.081484905601      
42          -22828.521774907931      
37          -15015.292198766976      
44          -22519.847868674529      
43          -25810.199400811216      
46          -28065.030492919697      
41          -22987.593973362462      
35          -14054.724746572265      
34          -15799.481780085833      
22          -5254.3779322443133      
19          -5138.1679749800333      
23          -6987.2753248135396      
18          -2805.8516550313643      
19          -7602.4344121101403      
31          -13440.299166758838      
43          -24581.025530174062      
48          -36930.656816636074      
46          -31044.338468034217      
38          -19508.321416074254      
41          -23799.20821010038       
33          -16406.865557974896      
42          -26348.3562339768        
35          -16644.225455965032      
23          -8051.1546275840856      
43          -24883.736134621875      
51          -33169.025366103619      
48          -31823.699748473871      
52          -39882.487021420791      
46          -35789.792444642706      
40          -27232.43950421947       
40          -24900.388312099516      
37          -22923.693545798764      
46          -29214.230266615388      
50          -36710.487455371855      
51          -35400.231151381347      
50          -34862.607784346837      
44          -29755.431372152136      
46          -34725.640787772405      
46          -29061.583412646854      
51          -35897.084513127906      
65          -53933.272920649753      
69          -58991.723263154592      
68          -57231.128611832901      
62          -48682.600051724519      
71          -66907.84110552576       
62          -54855.142080494472      
66          -61276.02840326335       
66          -62909.476159816695      
66          -63383.977024176231      
71          -64182.094190920048      
73          -73973.569963208589      
77          -76346.152811284468      
68          -59872.437108400562      
68          -57541.734033261077      
59          -43911.868856949382      
53          -36479.477903495921      
62          -47825.566307810972      
53          -41043.102938135009      
58          -49861.609376314198      
69          -68166.426653259361      
65          -60587.965026736914      
59          -54692.224940144028      
57          -44183.736908965555      
61          -47314.125494414657      
55          -40496.407184331518      
45          -31522.929979044722      
47          -32856.497493046787      
43          -29304.594252204515      
54          -41571.304381232534      
56          -41349.795286220367      
56          -39829.262477594195      
47          -31968.078277882338      
52          -37477.463512679642      
57          -46708.665660736529      
48          -34328.242418227732      
45          -31315.211745777309      
41          -25072.256008786782      
49          -32912.675683895781      
70          -62074.266072578881      
67          -61116.996785038034      
71          -66185.1392004675        
66          -62200.068999792988      
70          -67835.253474640369      
65          -59112.690767294567      
69          -65686.307116699114      
72          -69330.528243320703      
65          -61445.983611878568      
60          -52638.618615075895      
61          -51300.098478757725      
52          -37617.342247681852      
56          -40438.731831042853      
55          -43786.588976415536      
38          -18137.45239781879       
31          -10114.563048608952      
42          -26575.824037719281      
32          -18429.221277164033      
30          -12905.53631016824       
29          -13005.254477006267      
40          -20911.716136280524      
36          -21689.459801588186      
40          -26965.188092397366      
43          -25917.500548576012      
54          -38951.877803517855      
59          -47940.214264722024      
60          -52459.374336686647      
54          -44433.956710373161      
59          -48075.914733108526      
58          -50591.273881301175      
66          -60079.19829787669       
64          -51970.584428087153      
63          -50055.364892384699      
68          -52402.302298370087      
60          -51220.708391004053      
62          -46616.097694433047      
55          -40004.659846170114      
52          -34240.885501811295      
43          -23925.932845498326      
38          -19050.122071023728      
48          -32872.804057034024      
49          -30806.455641179567      
51          -39285.485786179132      
50          -33834.550934833525      
44          -32150.367746089152      
48          -39139.433892030378      
67          -61499.38335953105       
72          -68436.940223336918      
71          -63838.78794761758       
68          -59447.357291710367      
68          -62669.084947909338      
60          -51080.91322204801       
59          -46345.107788603404      
70          -65754.338265154976      
82          -88152.278682821168      
79          -84678.931669444981      
82          -91338.712880373991      
88          -100315.75829147841      
86          -99785.319639736248      
82          -94755.008764918151      
91          -109502.4707169898       
88          -105223.95578170446      
78          -85326.543642051663      
78          -75782.944019687915      
69          -61768.830490843895      
72          -70649.115504331217      
62          -56030.686869517856      
58          -54031.939626845837      
65          -60366.767381232276      
78          -77707.375987102831      
79          -74842.605125829257      
77          -80196.749364545394      
74          -70611.601086067632      
70          -61878.937660502794      
68          -61627.984873923393      
65          -53973.122151693111      
72          -70580.67697031064       
79          -89551.321405375464      
83          -92292.324395907199      
81          -95055.298902068665      
81          -87706.357535189949      
78          -80820.23097124591       
84          -94824.008675642457      
85          -100267.08635300324      
85          -100686.56810123757      
83          -93360.694213226598      
81          -89076.952378729155      
79          -87329.609515728414      
82          -90677.731252341429      
76          -79991.925812059024      
67          -70153.678801700924      
70          -73374.883897266263      
80          -85967.017741428615      
85          -96537.255042097968      
93          -110609.61950906664      
97          -116096.52270524178      
101         -127763.53414387362      
98          -124398.42042350573      
89          -106389.21801900855      
92          -108346.71017835785      
76          -81828.373041503757      
67          -65782.265965766244      
64          -58785.70946979156       
55          -41196.511404252851      
57          -43630.870557789254      
48          -31130.472722513052      
54          -40055.027182412108      
48          -26484.901281315175      
51          -29180.418712857925      
48          -31202.963409288666      
36          -18010.143224311152      
42          -23821.809597104271      
31          -12633.246208638091      
31          -11010.130239150292      
28          -11038.517641378883      
24          -8557.6524488416035      
28          -14494.4048285057        
32          -13421.256200146481      
28          -12518.844059152318      
29          -12577.332920097959      
25          -11618.131016261868      
22          -5966.0416507490245      
28          -12133.573866369778      
32          -12654.055825510964      
25          -9294.2171331501522      
22          -9461.7019029969342      
26          -11649.385735411301      
30          -18646.993754703733      
34          -15691.576712069724      
41          -23523.437264704804      
52          -35306.331159890629      
47          -36052.286557398169      
59          -46876.521935531884      
61          -55689.187390434148      
64          -58209.586915028311      
75          -72669.927364911535      
64          -55821.580741553429      
61          -47183.182186964208      
59          -41823.063783269514      
53          -36021.299795788029      
46          -26544.03586431091       
36          -19909.554854615955      
34          -19790.457839206378      
27          -10527.614606610325      
32          -16897.868751699974      
39          -19843.684506896523      
47          -30311.685201236152      
55          -42514.600895978547      
60          -50017.450509249436      
50          -36446.944204448722      
55          -42144.660747910639      
59          -47420.249146556132      
46          -32598.695760142262      
42          -24096.190022871713      
41          -26858.580049220021      
44          -32520.871839580814      
36          -18153.449950623119      
34          -16015.660407260351      
35          -15186.830653778505      
27          -16077.491829664632      
25          -11373.188620314435      
28          -8484.0770865708837      
30          -12902.316932929545      
35          -19658.298860824136      
18          -6346.1078221124017      
25          -7253.1163618295732      
33          -15108.024653881286      
22          -5982.1535829072627      
29          -11856.516553924788      
36          -20120.132088755465      
46          -29459.185807175192      
41          -25332.096223395125      
43          -26978.250432262743      
44          -27128.506426795149      
51          -33179.010284358737      
51          -32260.098183618189      
45          -23136.997242517613      
36          -18406.670134246691      
38          -17810.723761957106      
39          -16637.451953437983      
36          -15600.27322061666       
31          -11162.576178074993      
36          -25065.157201685968      
41          -28154.043610308152      
53          -36802.724590429279      
57          -48737.251861333745      
60          -48522.65736175565       
64          -57968.292795337351      
73          -69742.239115117773      
75          -74353.364893319231      
65          -57281.127983325554      
64          -54035.550811066409      
58          -46322.819106885079      
50          -37879.217800826038      
41          -23251.475884369931      
40          -24897.682072333784      
50          -34054.689604073756      
47          -29439.508609325334      
37          -22157.645593303438      
39          -20019.430364046795      
27          -8686.0128246539007      
23          -7465.5138676993611      
26          -10939.669814670649      
30          -12672.390660979523      
28          -12340.885413701886      
23          -6485.2237766073458      
18          -3246.00525850655        
19          -6266.7769516309218      
29          -10434.206532650651      
27          -16517.397986861397      
25          -8613.1358872038636      
35          -15642.030010557179      
31          -10948.31106515469       
29          -9072.2081144753574      
27          -7232.6736434009272      
28          -8545.9214699704553      
33          -13535.962455242359      
38          -19412.945407061485      
47          -27593.625937997844      
49          -30671.292052674402      
44          -23168.782484204996      
46          -30366.777721151459      
30          -16651.076007111507      
28          -12889.09091098353       
35          -16413.133677354032      
31          -12260.909971036041      
33          -14621.461902765208      
29          -10831.992757328031      
35          -15482.217725540104      
38          -16185.856081918846      
39          -23093.551862326251      
42          -20016.622432093944      
34          -14926.922902617192      
45          -30448.506329895539      
26          -10707.288769239138      
39          -23267.431840991139      
45          -28274.655242497967      
45          -29302.073382800707      
54          -38890.657692724919      
54          -43390.847782721183      
47          -33692.822593328397      
51          -36676.267968131076      
54          -42267.218850142635      
61          -47328.295535139383      
53          -37225.620228987493      
39          -22425.946576265691      
40          -24158.121547631265      
33          -16365.231532260521      
46          -32827.429650944723      
56          -39729.245824947342      
53          -37772.18223423732       
55          -33666.863846710097      
53          -33562.817556760041      
47          -24032.037184332989      
33          -14277.350014372452      
35          -14971.255016305015      
28          -7234.6574146459961      
17          -2665.2900551364828      
16          -4187.5458914373794      
17          -2804.1069060486707      
27          -13571.615692244801      
44          -28396.076989723395      
31          -14410.230719380323      
25          -11101.546277807342      
32          -10891.64963102713       
31          -9962.609145226048       
35          -13800.275295842372      
32          -12816.280927941238      
21          -7974.9532954762435      
27          -7819.5056675903143      
24          -8782.3127111499507      
21          -4697.8248088757773      
22          -9545.9712123738882      
35          -17892.048681764456      
28          -10397.101548592102      
37          -16757.595283038736      
32          -15870.15550610752       
29          -11870.162907103602      
38          -22391.276370502834      
34          -16237.371494711457      
28          -9401.322229177822       
32          -15386.565542789775      
38          -14977.906818323054      
42          -25127.212380624216      
40          -20436.848800165659      
32          -10830.693309716313      
31          -14121.396401316124      
29          -12001.407120313297      
31          -12579.869455468954      
39          -23699.973449611971      
38          -24333.132030884088      
53          -32482.176188864669      
49          -28644.255005823135      
35          -16366.191213919403      
32          -13595.870272880946      
34          -18496.605865329824      
31          -19821.32830057072       
34          -21775.930141868874      
35          -17844.782088017775      
40          -19266.269295903629      
26          -8869.6239358593648      
31          -10434.636061072124      
33          -13779.048669207241      
34          -18617.805150505224      
42          -24708.392576348106      
50          -29901.80115452081       
30          -10280.153424157048      
21          -4453.1052351965172      
18          -3606.7029235897198      
25          -7268.2131106344632      
21          -4926.577310482161       
25          -8470.1251667068009      
13          -2191.6460205059448      
16          -4479.8272849935765      
23          -7802.4353375108003      
27          -10151.155079596581      
41          -20021.870357096923      
42          -25231.252091427679      
44          -29767.445184908287      
55          -47747.732538835837      
67          -66239.274205234571      
66          -60103.007313375114      
61          -56921.631281243368      
61          -55370.316837202568      
56          -47696.032469244994      
66          -61840.930507284065      
68          -65923.28868891389       
71          -68858.449363002437      
78          -80117.366047632488      
68          -65281.034974017268      
70          -68977.764160417006      
66          -63279.180114669885      
64          -55380.143250509282      
66          -58241.916717422704      
60          -46741.860649807459      
63          -49405.482149029624      
54          -40073.069894704473      
53          -37120.512706616646      
60          -49125.38231589934       
61          -48219.481901126375      
59          -45155.041014933151      
56          -37530.610552436396      
60          -45635.348983980475      
60          -46612.707683842265      
57          -40953.92223162749       
64          -50164.35875665916       
60          -51736.326446689367      
58          -45181.412653549414      
56          -42426.247637911074      
62          -54267.098461075351      
71          -67503.144331396456      
72          -71518.463465427209      
74          -76728.261924241146      
70          -64269.014441761872      
70          -69221.416494114688      
72          -71053.753815046322      
74          -72776.707473634306      
79          -82674.858822483773      
72          -70003.364441336482      
74          -69176.508224878839      
69          -63289.639299397277      
78          -81423.745213372255      
76          -78093.848174412793      
81          -90097.518636975787      
87          -95298.775024408402      
92          -108361.47268775229      
98          -110479.92314200732      
109         -143540.28627982942      
110         -145832.27204751011      
105         -132898.35757721847      
98          -120300.65811975376      
108         -142676.65077799076      
96          -117455.19639542207      
105         -138284.58836170007      
111         -157682.99520485668      
105         -149215.93756849924      
105         -143955.38039998783      
95          -124510.80644335595      
97          -131652.80050851812      
101         -143411.94422565287      
102         -149004.27813887372      
103         -147414.208145465        
102         -143410.29990918518      
108         -155117.67961928371      
109         -157182.75349247706      
112         -163841.68660573414      
115         -175008.58254321935      
113         -165186.16415394351      
116         -170620.6106712766       
113         -164587.45002025578      
109         -164609.86726714228      
114         -164916.01118613651      
111         -159864.33736755786      
110         -150606.44147230664      
115         -166194.20727054559      
116         -169347.59077067723      
124         -188109.14030629562      
125         -197367.99040986039      
126         -199497.38001470943      
115         -175184.10485700023      
107         -153061.83821746201      
105         -144583.27987534599      
105         -137250.55727937623      
110         -152436.61357893862      
109         -147163.4368918761       
109         -153707.27552171744      
112         -165338.53911982322      
110         -158155.27346973459      
106         -155876.0003426878       
109         -155186.81064543728      
105         -139275.8949624385       
100         -123022.14215478061      
91          -114015.13312985279      
97          -127537.3628864917       
91          -114192.662520488        
95          -121277.1369353027       
94          -129194.21688349056      
97          -132644.50088961882      
106         -154390.20094108488      
108         -148989.78702026844      
102         -138291.13845150461      
100         -132681.69279551783      
94          -116138.62806565648      
93          -120004.7061852612       
99          -131829.19651128916      
100         -134441.33804999522      
97          -125987.81285828097      
96          -130395.0221454737       
94          -125179.89907685842      
97          -124811.89635978166      
104         -140978.06695197622      
112         -149100.49641186339      
104         -139956.43697627806      
111         -157415.0544930934       
107         -147187.95343864386      
105         -150247.97012921263      
109         -153441.22590898699      
104         -141486.98636672791      
99          -120804.08114532384      
96          -117229.21236137737      
96          -115565.23086944043      
93          -109810.01306613974      
98          -119396.78653300002      
93          -120371.51452057221      
88          -114686.60697863337      
94          -116594.82582587548      
93          -116179.07405564241      
98          -126475.16110864158      
102         -132170.00951379907      
100         -129105.66782786093      
107         -148252.95195019201      
104         -133906.58424086063      
113         -153048.47586473718      
117         -167208.04208011011      
116         -172360.51573044775      
121         -178265.40025430967      
120         -176506.47085665         
121         -178480.75912894073      
120         -174553.04247647338      
115         -161455.25273251583      
119         -182605.57588892124      
121         -186169.36283185767      
122         -184653.22381450556      
114         -165837.76261558841      
109         -153605.25583723088      
109         -155793.57879255735      
110         -156770.51548529326      
110         -153239.86298667264      
105         -138160.95829241554      
110         -144856.03760630064      
114         -149799.69255481128      
111         -151155.59256608994      
105         -139496.4942378017       
108         -145226.40694155198      
108         -140883.91957526351      
118         -173703.20469575195      
117         -174714.38301534616      
114         -165441.24187484564      
114         -163623.48613520915      
120         -183056.99573273875      
114         -162505.95919632592      
122         -185232.29422572325      
132         -211672.90751803579      
134         -218604.64647283888      
133         -209810.06199224613      
139         -237678.21525415589      
140         -242596.71437168785      
144         -258137.63845616474      
136         -228916.14047026582      
137         -231342.27031406708      
127         -204047.31826151689      
127         -199415.74460208163      
131         -211114.97841898646      
126         -201844.4805932967       
130         -210935.21753378745      
131         -210536.10820119953      
127         -201632.8147982521       
126         -196173.6428003982       
123         -192693.55314415926      
123         -193310.11306206178      
121         -189861.46433862115      
119         -180779.98213641145      
128         -198499.19713842284      
124         -185763.68450810498      
125         -187345.13155112564      
121         -179749.87583866675      
128         -206242.11365967055      
126         -205404.49288251498      
136         -234477.09235858571      
140         -245741.12298001698      
136         -232898.92856577909      
139         -247824.5906605768       
136         -243263.38640422505      
136         -240884.26969085904      
135         -237812.49008964008      
133         -230451.60810819236      
138         -243813.37812499458      
144         -257225.07746210133      
144         -252180.23807527227      
147         -263817.20039919537      
144         -252044.02943062273      
145         -255210.72657595624      
145         -264694.44158568262      
149         -277880.53964886081      
152         -289830.46920783457      
157         -310489.97451628291      
153         -297439.64250528737      
152         -292107.04705566273      
156         -303460.80911027157      
150         -282951.81167468597      
152         -285313.87073414621      
151         -279506.92702309595      
151         -280125.17669271689      
147         -264467.69042750297      
143         -255003.14442058819      
150         -278118.62725824385      
150         -279163.24972109328      
152         -286464.97142556263      
150         -277042.84339723358      
149         -273179.05259381828      
148         -270080.91337058588      
146         -263972.13053027325      
142         -254611.37685232269      
145         -262110.54822172277      
147         -269543.46587594075      
147         -267255.84750094014      
142         -251099.54765921136      
140         -243216.95445558909      
133         -225960.44752890363      
139         -240039.88560302649      
134         -223070.1093020775       
134         -231268.80638587824      
138         -238209.94467254693      
141         -246273.62106027888      
141         -253403.36052476987      
144         -260010.51375482124      
141         -248740.74177512707      
137         -233164.25245217362      
137         -233530.25489888407      
138         -237559.18963036203      
132         -221691.2302547337       
125         -204861.76804630336      
122         -196944.68846176122      
122         -200076.68423068139      
131         -221551.23029480982      
130         -216099.80943406964      
131         -218562.4951046542       
137         -233940.99686706447      
137         -233649.18683558478      
133         -224041.08407913352      
132         -217699.13397441889      
129         -214594.20025944582      
140         -244986.72426605425      
140         -247437.10842167449      
130         -220203.89264910127      
132         -227761.49458811519      
136         -241282.99950846905      
140         -243724.53519518877      
141         -248441.90526431025      
143         -253760.56504478958      
139         -240868.92512321033      
143         -246331.25328888374      
141         -241232.01440239936      
130         -206310.77350149883      
131         -215061.66753151937      
127         -204952.34063778835      
137         -230241.75561690849      
137         -236054.51366799205      
139         -245880.60379694178      
140         -248234.57186850981      
137         -237085.05875131438      
143         -255402.50581315844      
137         -238200.17154567479      
144         -255966.1461025996       
135         -238714.23840716534      
132         -225045.11690310197      
136         -239759.88528085058      
145         -263032.64178746275      
136         -236057.55543590774      
140         -251225.357209168        
139         -242977.12862462224      
133         -227818.04280617565      
137         -238303.15240807718      
134         -229855.12063723613      
134         -227883.50880142619      
141         -246990.73053647357      
137         -234245.59331060416      
140         -241706.21091864901      
138         -239802.49087742757      
144         -259821.92230996556      
138         -244327.46590081684      
140         -250380.53141046528      
139         -243427.82869126622      
146         -267266.38285042788      
147         -269653.9883027469       
139         -247609.76999185231      
139         -246919.17653853682      
148         -269692.49473029294      
146         -258863.40117402168      
140         -239175.46140356199      
139         -236037.04969275434      
137         -229175.30007820958      
138         -236223.70854625059      
139         -238786.14063151291      
135         -225875.9151493182       
137         -233868.28901825292      
134         -227927.12372070088      
134         -228670.56130641344      
130         -214745.90305881135      
130         -218867.93450739316      
132         -221558.08382271513      
135         -228247.62745848086      
143         -255781.29977140145      
143         -259813.92989912603      
145         -257455.59567852449      
144         -257714.3208266164       
137         -237750.00311083801      
133         -231500.21892131097      
130         -222034.23490514961      
129         -215842.14234572841      
127         -209861.41894869733      
129         -211555.82366013742      
124         -193339.1330999723       
129         -208215.13076483813      
124         -199628.80590987945      
126         -198702.71842133088      
126         -203393.12792514919      
129         -208520.74435999646      
130         -211549.74220198274      
129         -205966.90523003938      
133         -214116.02587223717      
133         -213768.01958470416      
132         -209607.91166312393      
126         -192303.56199864164      
121         -184426.22668162646      
127         -196995.83036549247      
122         -181646.29396488942      
123         -181220.22234793924      
124         -177246.08105431343      
124         -190687.61981368207      
121         -184082.97249126126      
121         -181714.38451727611      
120         -177397.26734254105      
114         -163926.21544023123      
114         -167944.5091963759       
125         -194103.83163306859      
124         -192949.34490274565      
121         -181628.15324771556      
126         -200489.42846645002      
121         -186400.57296096472      
115         -173563.35027803492      
120         -182065.26525779214      
128         -197561.16954940563      
125         -192365.69278953143      
120         -178177.09438793076      
120         -176606.83540648592      
127         -199566.43505142583      
135         -227728.89680478608      
132         -221774.25186110241      
144         -254556.84434520642      
140         -245682.27844205013      
141         -250972.00798332028      
143         -261242.43339836542      
142         -260795.70360156972      
144         -264848.33532941935      
147         -267806.29170329921      
140         -244414.13550996187      
133         -227231.15153482836      
128         -213031.12439774055      
125         -204345.4072736908       
133         -221609.81837353241      
136         -229459.05464230242      
136         -231938.32066156832      
137         -234058.31977032602      
137         -235477.3965820779       
138         -236844.92600045144      
136         -228020.09957582963      
137         -231731.30830000978      
141         -240509.00827002461      
140         -243268.34070198867      
142         -250353.37620509524      
146         -264073.18471197179      
146         -262351.41628633504      
147         -263338.67716248543      
145         -256800.74388296701      
138         -231521.94016514381      
128         -203860.67874557796      
134         -226695.77781195281      
134         -219694.1776272704       
131         -209969.11958036953      
129         -200648.26197414321      
122         -180548.02877716435      
122         -179063.29376137856      
115         -161466.40812254348      
123         -179814.37825478392      
127         -194778.37587950268      
128         -200738.56928609102      
130         -203933.09823505903      
124         -193967.25003980877      
130         -207077.36277649819      
137         -229442.10103731099      
134         -221953.32775835437      
133         -218818.27239414849      
124         -198947.80177381961      
119         -184949.18568473749      
124         -196665.6126470298       
124         -197681.13235432532      
129         -213547.35256076592      
126         -201794.11016781081      
126         -197746.933673919        
125         -193113.61982805713      
125         -194028.79424889211      
122         -192408.94128270273      
116         -171382.32375205847      
115         -167621.42681272386      
118         -171316.98323932118      
113         -157320.75899139291      
117         -170614.22418774961      
116         -169475.25785235551      
110         -150319.21813346221      
111         -161944.92715480586      
115         -163570.16396575925      
113         -164820.61797939119      
117         -172497.87954375549      
125         -201991.13979894074      
123         -192447.60159889294      
129         -210187.44568182848      
126         -199149.73770258555      
116         -175260.09933914081      
124         -197162.23584112016      
126         -209787.02856950872      
124         -209817.39566463945      
124         -210168.49431854361      
132         -230450.6022611075       
130         -221947.64259790888      
126         -214657.77330925912      
131         -219716.09158619912      
133         -226112.56592416373      
130         -213308.53745602828      
130         -209666.72229960444      
128         -202300.40156031644      
124         -190106.03551526376      
126         -195268.55758666695      
130         -209591.83559612613      
132         -215538.0390454868       
130         -210614.11129219807      
129         -204563.78248348035      
134         -218304.0483137155       
137         -232230.8208179902       
136         -228847.44488791504      
131         -217213.86347105954      
124         -202454.14968363414      
129         -215845.69293191709      
134         -219999.14498016026      
131         -203378.76268830168      
123         -192771.84319683834      
118         -180032.135533472        
115         -171134.57465952795      
113         -161150.51975633879      
105         -145731.26598166351      
114         -164439.40642618141      
106         -144472.23608073549      
109         -152426.0415460263       
107         -145685.92875495763      
102         -134826.98735276423      
109         -152001.49382084835      
111         -154686.90545858015      
111         -154710.70988430176      
113         -157763.59637528495      
110         -149674.38599333388      
114         -157666.24841909137      
99          -127198.28404312035      
98          -124365.94064019808      
102         -132238.83867517838      
108         -143504.30526968648      
102         -127591.42721688456      
107         -142376.74446797383      
111         -146156.47985556201      
104         -135182.5561650235       
107         -143436.11661905644      
110         -150597.61039186423      
107         -144905.37095883355      
122         -179604.97270295338      
123         -182513.74547851417      
130         -204892.5964114868       
134         -213312.15472019641      
126         -198347.1920339808       
131         -210551.20543663143      
129         -201779.49490633022      
133         -214102.20569588113      
132         -213779.88048442831      
126         -203726.41747654081      
125         -201212.83198502017      
121         -191410.93754954886      
119         -177386.27490397377      
116         -170550.32628732413      
112         -159817.75919295999      
112         -168021.71714984716      
119         -181483.87459595743      
122         -191977.29353964311      
125         -205931.98558581731      
125         -206662.3006937165       
133         -230499.60094881168      
132         -219260.27306494908      
123         -188307.51287420979      
126         -198857.1396951151       
119         -176814.25368492265      
120         -179160.25821607641      
123         -186338.20342556998      
125         -194187.64276741745      
118         -180136.03935014736      
112         -164323.41530199061      
108         -154685.27001119341      
111         -154743.58918510788      
120         -178396.239544479        
120         -176682.0388048148       
115         -164416.34905573059      
105         -142437.60342775355      
109         -149685.87991466266      
103         -146932.42930607151      
103         -142473.50868640278      
112         -167084.23777909769      
114         -169519.621712477        
111         -163168.53494514455      
108         -156379.41988444334      
109         -157271.04561887551      
117         -179267.31835836475      
114         -171484.75438734671      
117         -182280.63093505183      
111         -163738.42617570693      
118         -180050.06031549393      
123         -190577.60104822094      
115         -172235.02756001637      
115         -171959.53667075184      
115         -170030.4275469282       
121         -188960.26369879139      
127         -202502.09522579089      
121         -197165.66812186959      
130         -213026.90099908091      
139         -237873.7933654935       
139         -233632.63162526448      
143         -247515.8469689131       
145         -261768.45322898237      
145         -258272.71998714376      
142         -250052.91075328874      
140         -240246.07536108658      
133         -219062.51116438161      
131         -218978.93011590914      
132         -222398.74552561503      
131         -215019.8332993295       
133         -217448.6330613457       
128         -204470.16644125053      
131         -216457.20711514342      
130         -210107.68269606464      
135         -229063.59405600466      
138         -235950.82927303249      
143         -248839.11271120372      
145         -260452.66669247902      
142         -248511.5249154029       
137         -229632.53466462588      
139         -237850.16639615074      
138         -235088.39290213381      
144         -247155.90654647636      
140         -239637.13393249919      
143         -248939.93064802326      
140         -240069.32281143373      
134         -233215.85084401144      
136         -238185.65437687852      
142         -253744.21421803426      
150         -277088.7903753391       
149         -270553.23001143959      
144         -257466.38922602311      
146         -259482.29794950172      
141         -244000.29856971136      
143         -252538.26398057776      
146         -261441.69126549628      
144         -252569.39314995371      
146         -260730.33544590574      
153         -276470.2313663424       
154         -285595.69952010206      
149         -280063.53997821023      
147         -272843.20056978235      
143         -266659.78280476492      
145         -261879.64594746026      
153         -288239.10952304612      
145         -264429.00112689391      
143         -258696.08896353675      
147         -269578.5368262087       
144         -261901.74903133683      
139         -246364.63114895631      
141         -250010.24170590017      
140         -242253.54860307102      
136         -237123.29862092182      
140         -247553.04170997397      
133         -222061.26580697397      
129         -210437.56725627012      
131         -216157.72955870116      
133         -224435.80104253485      
142         -249674.6342892074       
138         -234136.09409907204      
131         -215893.26655514201      
134         -223095.09940642133      
136         -225669.80647184164      
135         -221342.9943575901       
133         -215587.92384490944      
128         -206995.55109243703      
126         -200621.18854463653      
121         -182534.28116269689      
123         -187838.26074468426      
122         -184407.50390932919      
121         -181264.94377098198      
114         -168096.95431551518      
115         -164507.12684212154      
114         -163505.69280258831      
111         -158197.82534335641      
112         -161244.38721170436      
118         -178085.06553288858      
116         -168799.80300865642      
122         -184314.59230723648      
118         -175902.46918570742      
120         -187850.03951669502      
123         -192253.09566533205      
118         -180680.40579923746      
125         -190384.46093528444      
125         -188134.79481641966      
123         -189935.22959508424      
126         -200272.01537631889      
124         -193086.54556072189      
124         -190636.61623641019      
122         -186632.16565410612      
123         -186239.99914556838      
126         -195925.16441034226      
128         -195090.82053888679      
123         -181659.93865113435      
124         -188252.89757168337      
131         -215025.21337130736      
135         -225913.70307631741      
129         -210567.32282455868      
123         -193533.20715782233      
121         -187681.26973567606      
118         -177693.44162268352      
116         -165770.4769516619       
114         -166262.81540632635      
117         -174636.92037646903      
118         -180796.79370495063      
113         -158751.25023450932      
113         -158488.18630298905      
109         -145945.59707289882      
102         -135664.05963452763      
107         -144459.22732065109      
115         -167146.39229319617      
115         -166588.04363434622      
112         -163385.98826385237      
114         -165042.39550047752      
116         -173523.06556231296      
123         -189540.5512973482       
124         -195681.9622570033       
126         -200561.57071734846      
123         -193959.45791285887      
122         -191171.08692294959      
123         -195740.58600201196      
122         -198312.1407620463       
124         -200220.73392854261      
121         -189895.1427895519       
122         -195735.88928147056      
125         -206346.58756761244      
129         -210438.27637608035      
127         -205848.25271191567      
131         -217946.42498563795      
131         -215224.09275278175      
132         -220601.68065875451      
127         -204541.16546312498      
116         -173709.96341524314      
118         -175506.33341762549      
120         -177792.5125366163       
117         -165674.62880474341      
109         -146321.8598753566       
111         -152608.07266278661      
114         -165340.49384170867      
121         -183051.13289333228      
120         -175523.57400371297      
118         -170566.48923770525      
118         -175882.89522262555      
119         -182183.25928683646      
115         -167598.10275938609      
119         -174814.38670752657      
114         -162886.61522287858      
120         -184040.12830026186      
113         -168258.81508272165      
118         -176031.8956848497       
118         -172275.29248717029      
119         -177643.57211392873      
110         -154474.75415366149      
116         -166350.38855676661      
117         -168836.0815199973       
114         -162381.80818568473      
115         -169580.94888812851      
122         -184699.36806178783      
125         -192742.50503591917      
123         -186123.83834685202      
116         -167565.86407298804      
103         -139378.00432526603      
105         -142532.31399665488      
105         -131997.95416820078      
113         -152490.87780098073      
109         -155710.20640810442      
108         -147162.85369436711      
105         -141041.13044410982      
108         -150521.36498458785      
109         -155064.35514001144      
118         -172851.11605320449      
124         -193049.23938307745      
118         -183359.10708903539      
122         -189609.79606776225      
121         -185822.87198459791      
119         -180040.51745215803      
126         -204855.40124444503      
124         -196462.18979186154      
123         -194174.35153812382      
123         -196711.73351684652      
124         -197377.63582971779      
128         -205480.21738268677      
132         -214033.3291517811       
131         -217469.13125728699      
138         -238752.16862670972      
140         -240068.05023485128      
142         -243828.50391487466      
135         -229279.4561821227       
129         -208372.69527819889      
132         -218754.76440157814      
136         -226471.30233710154      
140         -237123.29113440588      
136         -225823.52054637228      
137         -224757.10829013726      
131         -208823.42151754914      
126         -195217.52787189471      
129         -204741.67486616512      
129         -203498.3959417381       
134         -222594.70167016942      
140         -243229.81972839817      
137         -234292.4962495903       
139         -239940.39795742356      
145         -259703.03671927832      
144         -259319.47081651303      
138         -235217.96861119717      
136         -230091.68247598669      
130         -211044.80672644865      
130         -215845.39432391195      
139         -243669.62152755825      
141         -246195.97902733367      
142         -257768.85128987418      
151         -283462.13806772814      
153         -289189.44034984789      
154         -290362.18809790869      
156         -305385.68367539393      
149         -284674.15635284007      
148         -274321.05946756125      
142         -257837.58922526182      
142         -259135.06724899926      
150         -282869.62929006066      
145         -260974.28915443333      
138         -234506.40952687769      
142         -246212.26298056243      
144         -256483.18187300439      
143         -254050.18967068454      
144         -260805.45776760741      
144         -263223.42009292083      
150         -279741.77151894575      
148         -272347.27836319734      
150         -281225.42632758338      
150         -283657.78198065754      
153         -295271.4316541868       
145         -265642.48705496901      
149         -274489.90310682735      
148         -277356.81589871203      
150         -281748.02043490217      
151         -287207.17200818443      
150         -282877.35892913153      
149         -275338.11012125912      
150         -276016.65711547079      
149         -282013.65548707382      
147         -276095.75730213447      
146         -279010.36766596913      
141         -261692.05269085907      
141         -259058.17828619751      
140         -249110.57861687298      
144         -260696.23390749004      
144         -260181.9083982321       
140         -247257.1933293668       
143         -258767.72593963973      
147         -269031.38449770299      
149         -279985.67103124503      
152         -291739.63756975811      
149         -282448.93221650575      
152         -288699.99367714766      
155         -295227.29655008425      
158         -307117.86298886861      
155         -298479.41905856773      
161         -318538.97207142005      
159         -317691.04705721454      
162         -325652.21358466108      
157         -313174.70806131279      
160         -326218.02845593408      
162         -336478.3718552097       
164         -337028.83020407322      
163         -330264.50122282811      
152         -295548.39430101466      
153         -300350.87830042321      
150         -292118.27109066874      
157         -311017.87004571396      
159         -319109.31231740763      
154         -297727.63425761071      
150         -285733.54092510557      
147         -276948.19373807544      
148         -276485.96944357565      
143         -254667.06006496857      
139         -247428.49229769531      
140         -249122.28700378255      
142         -255101.90817442114      
146         -262826.91067938966      
156         -292336.29873361299      
153         -290319.41105019895      
153         -289824.94468630984      
149         -275501.93155186769      
144         -254947.91488439628      
136         -239418.26266143474      
132         -235079.37850188461      
131         -233081.90424422338      
136         -238997.19447810244      
138         -248207.11346587026      
132         -227998.00936429235      
134         -231842.3521667225       
134         -233585.05869242968      
134         -233358.72988295264      
135         -240154.15843909571      
135         -236961.99053824585      
137         -242786.17719212567      
136         -238439.39068575273      
139         -247022.35662737637      
136         -233767.85297690585      
141         -249725.89404979564      
142         -253323.22173583263      
146         -265231.37346161058      
140         -249541.14649958856      
138         -239784.53972306955      
136         -229373.24010056464      
123         -193961.35911562928      
131         -216786.97051661607      
127         -203858.17248547979      
131         -210860.53522132419      
129         -202509.03275560722      
132         -211965.72542445184      
128         -204035.47478746221      
129         -204829.93064566597      
124         -198423.21259312597      
131         -215970.48305029771      
135         -234246.25196600598      
141         -255364.83456296974      
146         -267500.59875334578      
146         -270807.22387832159      
148         -273298.82769931137      
144         -265590.50680823228      
144         -263361.7976383685       
146         -262102.89813968533      
149         -269127.78945890372      
146         -264502.26010384026      
144         -260225.6561752425       
140         -244460.57226315793      
141         -244397.244995338        
134         -225486.71557703256      
138         -233945.54582522003      
136         -231953.41340633543      
135         -223184.33173445729      
134         -223013.78920512277      
132         -224422.27971415385      
138         -248882.83998247524      
136         -242431.82392292275      
137         -240166.26179335619      
138         -243492.06905656465      
135         -231716.3901842729       
133         -230168.11443717271      
133         -228198.23050421078      
130         -217540.59934572116      
124         -203602.09026301291      
124         -209846.20377172131      
124         -208700.42079178238      
125         -212659.94204799127      
129         -214525.98063131288      
133         -218617.37048004137      
128         -211140.49433092077      
129         -217294.55833145796      
130         -219695.62380748379      
129         -218888.86504471384      
121         -204072.41794944709      
122         -206970.38612053651      
127         -226172.56764431443      
128         -220851.21464191523      
130         -217189.94791620612      
133         -230249.0726323968       
130         -214982.03934896397      
131         -213524.74211843114      
130         -208782.04055794296      
131         -215788.21177200985      
138         -240423.39102736654      
136         -237506.68717572605      
139         -245212.23057544249      
138         -237391.41029219588      
136         -233486.43699132794      
137         -237491.71961458173      
132         -223544.22176511295      
133         -223742.58272012172      
139         -237396.12771014991      
143         -255561.2238999666       
139         -245506.98417481399      
139         -249535.66374692039      
139         -250823.76119502276      
137         -244184.86563930786      
138         -242267.24464862217      
144         -261583.19444579975      
141         -257460.61809786831      
141         -257855.41706278775      
147         -269476.40041113069      
149         -280541.00410544296      
148         -282408.9214495488       
143         -265869.86956874724      
145         -265864.78779149672      
142         -253895.67548818651      
148         -271986.65192693641      
147         -268354.29008768732      
142         -251179.7430094399       
143         -257337.2243490844       
147         -275136.88862216932      
142         -255775.25187075036      
139         -247718.97882518187      
135         -230941.13173977123      
141         -251908.64589176749      
146         -272743.42594921106      
146         -270819.74077659921      
144         -265161.50103158649      
147         -279063.33476625237      
143         -269111.90991175635      
150         -293512.3656960997       
150         -290355.8019699041       
151         -293303.65541650972      
147         -279395.47368084284      
144         -267636.64336573583      
146         -263025.19909185637      
147         -266883.3372495409       
149         -274609.66444244661      
150         -283842.41353400791      
148         -276563.81461292424      
153         -289881.63871678198      
148         -281343.02490200882      
145         -270413.47591999423      
148         -272837.62529060687      
152         -287816.54344775819      
154         -295066.52923521632      
148         -274788.19143686001      
147         -278368.33974845149      
145         -270631.02685402607      
144         -265190.2685253417       
141         -255798.83859761659      
142         -255972.15929992899      
140         -253705.58391841792      
136         -241413.96131546755      
136         -239720.54365603029      
130         -226186.12652710779      
126         -215847.60268211807      
132         -229878.71912476036      
134         -230088.68042503772      
137         -239115.30023371856      
134         -231433.27088472177      
134         -232171.55249331254      
135         -233690.541932491        
137         -245717.46724542635      
136         -241915.10533311241      
139         -250078.26327200074      
138         -245688.19494193536      
138         -245647.5886356179       
136         -235309.52911114111      
133         -225015.33664608788      
132         -223638.02346593936      
128         -209883.42046398847      
129         -212735.46339220519      
127         -204730.97341063977      
118         -179000.45901021609      
120         -182971.64679952763      
121         -185895.67622681503      
119         -172004.15981113445      
122         -184940.84143926072      
123         -188456.10964962805      
125         -196375.9988387982       
116         -177585.34208501212      
123         -191603.5440815539       
122         -184249.76953730715      
123         -195267.47526962892      
117         -179162.87161743647      
119         -183734.74938264283      
106         -146624.24995168671      
114         -171395.11599005031      
109         -158470.82785444599      
111         -159265.15125724455      
110         -154218.49919448097      
109         -154042.75221107737      
112         -162336.37183404513      
121         -181601.24258827497      
125         -197447.53258644621      
122         -191327.43478151681      
111         -166315.52715618972      
119         -186655.4814771431       
121         -188575.93598229598      
124         -198792.54545466107      
125         -198056.34093461896      
129         -198132.42659300906      
127         -196095.66654930162      
130         -203648.41786756064      
132         -207578.32662881908      
128         -207291.05119027972      
135         -225728.57541123763      
140         -244603.75938332966      
139         -242418.67253778677      
132         -225228.76938341634      
137         -238491.57608144119      
134         -234515.22713957322      
140         -247883.75985372122      
137         -236255.30357170038      
137         -232877.11639897412      
142         -247268.31823585089      
137         -230937.56633323978      
133         -225805.21441248592      
139         -245524.87657973412      
141         -250746.77052351195      
139         -242041.56702971249      
141         -246782.11876323505      
140         -245012.3193170983       
138         -240042.44265431084      
140         -249240.57084259199      
140         -244640.18660413724      
146         -261302.15550895742      
144         -251714.08464853765      
145         -253411.15693620912      
143         -254474.91451239664      
139         -245915.5443027814       
137         -236222.75544002565      
134         -228686.92195135521      
141         -240869.57070809539      
142         -245205.15279807727      
144         -253488.62909107588      
142         -249603.64656328061      
136         -235323.8879526114       
138         -243782.54525924596      
140         -246301.49228421075      
138         -233461.16966477575      
133         -218455.00412151762      
133         -217775.10358789048      
128         -203832.63516246123      
124         -196162.93045345895      
127         -202593.01366775736      
128         -209911.95041672848      
119         -182809.72316667644      
128         -203451.21791291382      
131         -212207.93167028209      
135         -223624.82680488084      
128         -204061.63665748551      
130         -208757.00910200525      
130         -206617.97596132045      
129         -207596.21076450939      
132         -224188.45043724609      
124         -202817.81143042335      
131         -218210.63749540935      
138         -241804.18907502081      
146         -266177.13890697295      
139         -248431.94307489198      
143         -259665.79177252232      
137         -243009.88024457928      
144         -263169.39021914563      
142         -260240.29859968199      
143         -262276.04092423449      
145         -268734.53178250545      
151         -281501.76995276927      
149         -274066.83768958302      
150         -277793.03365349327      
152         -280233.65942624223      
154         -288077.40048345161      
155         -297372.65809036372      
156         -299902.81250402739      
159         -311144.19658361078      
156         -299773.20276988309      
149         -276628.47172754008      
146         -268009.3280763115       
143         -261854.71896590787      
142         -256051.56723553888      
134         -230540.3707927264       
134         -228957.74290784917      
136         -233618.69636141718      
137         -241052.27393667409      
139         -249075.0337960133       
133         -229094.52422992638      
129         -212976.53757394449      
131         -224404.31517273956      
129         -218074.90651759054      
126         -209301.9960127894       
125         -205230.38401928855      
133         -224977.01125013203      
130         -216054.89446877525      
130         -217519.66832326236      
136         -237491.70034511763      
134         -232489.70246093121      
133         -228763.11068850319      
141         -245995.35115373475      
144         -250592.85257174956      
142         -249830.42565215807      
146         -255190.88931329333      
144         -254658.21445553959      
146         -267580.4548815306       
145         -264962.87581461051      
145         -265079.17088104907      
143         -256462.99518324723      
142         -251557.30257333184      
141         -249054.87786049579      
139         -243075.71443563132      
140         -245692.06212410174      
139         -239484.70353673233      
135         -225985.46929557677      
135         -225861.62886447419      
132         -221656.11270800687      
133         -225958.70565164523      
131         -222129.9762957319       
131         -217995.09271733538      
121         -191758.87147773927      
125         -199253.09796432356      
124         -196752.03315196661      
120         -189549.90073779447      
121         -196423.10263827033      
116         -183191.91263836322      
121         -192253.43639582777      
119         -181265.03261301128      
106         -156857.38418170193      
112         -168398.9114737653       
109         -162319.6577604207       
114         -168897.57455354056      
115         -167179.77568588898      
121         -177765.99175930151      
121         -187582.60684178231      
122         -191876.71490541598      
127         -202635.11054064633      
120         -186450.07630505884      
127         -207057.53642893987      
132         -222034.7918586084       
137         -231241.41258923427      
136         -230786.8311746929       
137         -234598.57715358349      
135         -225923.6690237099       
141         -244930.31433423972      
138         -238364.44742837848      
133         -222481.02980300883      
131         -211064.48511186603      
134         -223106.76654817679      
130         -212407.91674794888      
128         -204187.73867777636      
130         -217579.48169091565      
133         -224224.81662053516      
138         -236781.68182487713      
141         -249076.35096738292      
142         -257021.74030851197      
142         -250629.72398263006      
150         -280832.90411551966      
150         -277049.19355512777      
145         -264922.27553058451      
146         -264121.23939659772      
144         -255354.98336324267      
143         -252521.82100136761      
142         -253066.31988515882      
138         -242071.94889190485      
138         -239787.75768513736      
139         -244950.0568068721       
138         -245175.69596482624      
138         -240282.28319189802      
137         -242534.15919428738      
133         -226589.02579878015      
130         -216090.42225490042      
138         -235569.0271652744       
139         -234243.96493994485      
140         -240306.07303812014      
139         -237254.1122795752       
138         -233096.34599005358      
134         -228076.48977338942      
134         -227763.35289187392      
133         -221837.55133059926      
133         -224486.85859905015      
137         -235883.08151563548      
131         -212116.13006569224      
135         -218176.02702794387      
136         -220904.55186729322      
134         -209190.56435619041      
134         -213715.76836560987      
132         -209872.03753360707      
131         -205240.00598532148      
136         -222437.66967391866      
137         -223116.49834754452      
136         -226911.19741200033      
132         -210667.13043688738      
127         -199107.35755329873      
128         -203352.64263482075      
121         -184649.69258095301      
122         -180948.03720567183      
125         -184455.59860971704      
117         -163374.54973561189      
120         -174124.71079400729      
122         -178211.29624479631      
123         -187212.38890032197      
119         -172475.45840480164      
109         -152907.81751711268      
106         -144787.65275121358      
113         -158856.71149916248      
115         -162524.05516626977      
115         -161835.34974320995      
116         -166487.61324763365      
116         -169463.39071741942      
125         -192115.54169932386      
124         -187665.73270700173      
119         -169812.80206140986      
112         -157249.60579568654      
109         -146937.96438611063      
112         -156952.38349503191      
116         -169830.62744640111      
114         -158452.92386566714      
111         -152379.00855908607      
118         -172055.86166129075      
120         -175285.09788378706      
119         -185024.61144697701      
123         -191197.5142552878       
122         -191303.84192315614      
127         -208679.56586552659      
134         -226702.78119562197      
136         -234826.58721375006      
138         -234640.77447008487      
133         -216227.94941380926      
127         -201083.63169970852      
119         -176198.03515531647      
117         -167802.86094901332      
115         -167971.72140514461      
110         -155310.51115349439      
109         -147834.95514757687      
111         -150079.03354269225      
114         -155793.84122347581      
107         -139116.71157268318      
106         -139096.89150808466      
100         -124394.63862100252      
103         -133280.57134018571      
94          -115332.81439932736      
94          -111158.98052559515      
93          -110898.91064988868      
94          -102785.98050485834      
94          -112196.78635905153      
82          -89976.652620954206      
93          -112713.51184231014      
94          -110590.84149900515      
100         -125583.3756390183       
107         -143010.7987521578       
102         -140739.4535740742       
105         -151019.09853109517      
101         -143525.69877681232      
99          -133387.98089730565      
101         -137778.87617236987      
99          -138590.46310893403      
103         -148470.10271808278      
96          -128428.17646653931      
100         -136940.6535892032       
94          -126751.47979146396      
103         -148427.84659095833      
107         -161017.82353235406      
101         -144500.42871697983      
103         -141731.09567551748      
112         -151429.07092386481      
106         -144793.72051229872      
108         -152877.00761034727      
106         -148757.65415017196      
103         -139145.50517707999      
100         -125492.88513179489      
95          -120848.68320170973      
98          -120449.97296393618      
98          -117706.17511605428      
105         -138818.36390675197      
102         -131160.34031879084      
92          -113099.98763487459      
95          -115747.96312895769      
96          -116617.39591186715      
97          -119735.78169257197      
96          -113221.95778432852      
93          -105672.91917754401      
91          -99787.904130167473      
93          -102346.10639329778      
97          -112113.4832126401       
104         -128181.11550645593      
105         -133830.79685845066      
111         -145603.97658438634      
97          -116272.39841444595      
87          -96786.708278596241      
85          -90496.335741472678      
79          -76823.703508122388      
67          -62625.719885231629      
63          -55340.951620317988      
57          -42222.351906908822      
66          -58350.799526072471      
71          -63276.168634097645      
74          -71426.50963031681       
64          -60079.945387654159      
71          -74725.068518031534      
76          -72386.193800272071      
55          -43829.704215461687      
54          -43668.763480559843      
51          -33609.709052651699      
51          -40660.535336203968      
53          -47551.197296447113      
55          -49282.423334850464      
60          -53452.548892554099      
62          -56747.653178341396      
61          -54129.785724473899      
59          -51782.611697229913      
52          -43774.745886862504      
47          -32443.286637121477      
49          -32953.507819430459      
38          -25812.484228739151      
42          -26361.960809607393      
42          -21493.067506658819      
33          -19923.683852043261      
35          -16916.005066785139      
27          -9120.4063085821472      
35          -13046.287563332071      
26          -11588.207428573727      
33          -14705.254968052268      
29          -12814.929193372496      
23          -10329.757980766879      
33          -14877.893617596983      
26          -9365.273012748592       
33          -12006.379232849627      
30          -13249.876202006721      
31          -14361.944124938358      
30          -14776.369531209823      
25          -11015.257344895801      
24          -11892.858206649084      
19          -6575.6292727656946      
26          -11026.735524542506      
22          -7692.2534534249708      
26          -7138.8875295790467      
33          -11339.561613246569      
39          -21146.191275810696      
38          -20120.645570707456      
40          -22011.352258823455      
38          -20085.090741474018      
41          -20891.255692643717      
37          -18262.597031492296      
41          -25625.110407252909      
39          -23223.15060057228       
37          -16672.694489963626      
33          -17741.668159825134      
32          -15072.149910472537      
37          -17985.816194540006      
32          -12024.411426076513      
29          -8823.6420301867893      
36          -12552.72617272173       
40          -17807.592190701427      
45          -24198.491485029506      
41          -27959.626249211218      
43          -30544.809712993316      
50          -38405.112663282212      
62          -47469.979680739969      
58          -49713.623748229082      
53          -41584.59304438153       
66          -53611.021733611633      
68          -65855.303341572173      
64          -56130.546613562947      
63          -51215.252186345228      
54          -45140.292469961358      
55          -42079.355413556761      
54          -39642.07795891726       
52          -37539.527590140504      
51          -42403.811550014965      
54          -42360.287884405931      
64          -55719.279234060436      
68          -60820.825712414495      
66          -54895.832704916596      
75          -69766.387980373038      
85          -89653.617073649497      
81          -87446.28267276664       
86          -100601.21934635522      
85          -93999.31299864527       
87          -100580.57125335862      
88          -102783.98096097721      
97          -118945.57847299096      
98          -120811.12568094129      
98          -126455.24536205348      
101         -137848.58581739472      
108         -148530.18944819874      
110         -151729.41069197425      
104         -142023.30726194388      
110         -154055.32696841526      
106         -148845.43412539558      
102         -141337.3154397927       
110         -151075.0462217551       
104         -137526.04827796685      
107         -145743.13485390117      
110         -148265.51614330674      
106         -135020.98011056907      
111         -145949.59743450052      
102         -128487.78010731365      
113         -153277.89107915427      
110         -143298.883135849        
105         -130736.75698259224      
92          -105477.06830819767      
93          -103900.56948508148      
99          -116313.67136422227      
105         -136802.0726357433       
109         -151283.37537738131      
108         -149214.5766834227       
105         -144324.38422412361      
109         -153922.93166889035      
111         -152951.15682415955      
107         -143162.49664733978      
109         -151807.86247578391      
110         -149201.36387946142      
105         -140182.66459186174      
111         -150781.29917749573      
116         -162372.04466628053      
108         -149077.51597804355      
105         -139955.76451736788      
111         -146220.36009216635      
114         -152278.63070051474      
113         -153811.56811393553      
103         -134457.3757995406       
105         -138066.57358251631      
102         -127336.71015543921      
102         -132758.54940419545      
102         -134129.51388613897      
105         -138804.77012712316      
104         -137648.48583033268      
107         -140049.12711233369      
102         -130007.08530188327      
105         -131853.91368514649      
99          -124100.79075501577      
96          -119086.70234090635      
97          -120693.03349992704      
94          -113222.11637553833      
95          -115846.73688705813      
96          -120071.82733330119      
100         -131688.90416949859      
100         -130304.48997742367      
100         -125888.58359186319      
96          -114840.98759130653      
89          -101799.84465349615      
100         -123473.7773431947       
99          -123467.69456656904      
103         -133274.90419616402      
102         -128521.74206037958      
102         -127897.95769091244      
107         -139071.39491054084      
107         -149764.3216627427       
107         -140609.07933397026      
101         -136206.13926478184      
105         -139681.6318180575       
105         -137291.3454161202       
107         -143980.59332311543      
109         -145591.05400603183      
111         -150565.91252606534      
102         -124604.95437479805      
98          -118816.57650150843      
95          -113518.76224954778      
94          -112319.46815567253      
97          -114955.19668014989      
96          -121922.05425112914      
102         -130266.09436045944      
107         -139488.91304160404      
110         -143247.73117404094      
103         -136911.99464875975      
101         -131761.38659730085      
106         -142090.69478715773      
100         -137244.71820376956      
103         -136570.24580806724      
107         -154619.42270170184      
109         -152066.55298295809      
106         -142005.0915345228       
104         -141649.81251825989      
93          -118672.56245835847      
86          -104343.44244806972      
85          -98770.917696719538      
90          -110453.13834633344      
88          -110591.16364234778      
89          -100861.68962851937      
94          -112192.25370810577      
98          -122060.67164873004      
95          -109152.32127344082      
92          -106196.06676641721      
95          -109919.76777010827      
83          -91197.861689662852      
72          -72493.2719856732        
69          -63147.454591598638      
78          -73619.752864960567      
71          -69244.871551756049      
73          -69272.921676743717      
78          -71896.216916338803      
74          -66676.289419187757      
71          -66138.542654455116      
75          -70061.636331250411      
76          -76110.950187127819      
78          -85182.946228033325      
77          -84736.198908690698      
76          -77403.89573070292       
78          -81852.556950420389      
72          -72300.689615937619      
71          -64596.009015067764      
60          -50480.309179181262      
57          -44067.644138936514      
50          -34531.713520109479      
68          -63856.220170773951      
65          -60697.201155306226      
70          -68026.352522710382      
67          -65388.973871688577      
70          -63233.532225251845      
72          -65960.631938614315      
69          -65300.900796566653      
70          -66371.238595178365      
66          -63607.39474229882       
57          -48353.113796474565      
59          -51787.574043234017      
60          -58298.154807813211      
61          -52309.231643882435      
63          -54632.527800672644      
65          -52522.460425533529      
57          -40123.395977970671      
50          -33904.802143327644      
51          -36794.194158235769      
52          -33878.109230467118      
42          -25307.916861254456      
37          -24604.422546986247      
43          -26164.361803913438      
39          -17208.019262003254      
36          -16398.329976610803      
31          -9817.2109080071114      
40          -17833.320892740041      
43          -25810.155013795455      
35          -21180.875221034141      
35          -15506.813130790224      
27          -10198.238913722296      
40          -18534.139221664358      
36          -16323.281947713973      
47          -25099.652999875118      
51          -32939.929457157792      
58          -50707.200887701292      
59          -49379.281321561961      
62          -52469.172162762479      
63          -52791.965299013122      
66          -64435.246847833943      
66          -66259.855512095484      
77          -84440.069893412074      
78          -86072.150683668806      
87          -113011.18494348615      
90          -107712.11092068568      
88          -105379.46289770723      
97          -117241.81779725241      
88          -103809.60367762209      
85          -96196.751632985732      
98          -118247.17811374656      
90          -96417.937925231119      
87          -94775.518002509139      
82          -88115.902163558028      
84          -84411.108836176121      
97          -110851.03204555133      
99          -116432.06455606261      
105         -138943.36375698965      
109         -146281.65349904387      
120         -170434.23221190626      
116         -170707.11889456818      
111         -159408.6308042724       
111         -154128.72449304958      
107         -144981.32735886023      
107         -138586.93121218259      
102         -131098.03613236206      
106         -145144.40022138113      
108         -151343.10401365941      
115         -171170.26780956174      
109         -158588.81683543255      
106         -152836.1475534972       
102         -140244.65093374837      
103         -140477.52309047047      
112         -162363.05355358589      
109         -149144.23681612645      
101         -126336.08988120075      
107         -139261.82948311427      
103         -130381.82220955107      
102         -134107.07687856886      
102         -138254.43950380775      
98          -127728.84908883         
98          -125255.16970958734      
107         -142283.20620418942      
106         -142984.49351036397      
111         -146757.02877504929      
107         -136347.82028737784      
107         -141848.62821217792      
106         -139124.86290179126      
97          -120937.01650781387      
98          -117484.78344033983      
91          -102448.85274907706      
95          -110318.08782254512      
92          -109258.97990024016      
93          -110211.77884773578      
94          -119224.40712507469      
98          -131417.62555466205      
107         -148333.71560903621      
101         -137188.96355943099      
107         -149892.87679571478      
102         -139394.92216480273      
110         -156709.956856954        
110         -157021.1790627079       
112         -159720.98468659632      
116         -167351.228699745        
119         -174376.52688290208      
122         -181637.10612155305      
118         -169650.28978846077      
123         -178564.28408652195      
124         -189201.24321702469      
128         -200865.61871695652      
122         -182005.45284104144      
119         -178896.71838453307      
117         -169071.41545990514      
122         -189231.71313402837      
112         -158154.68268304536      
114         -162908.33901445597      
113         -162771.67931334171      
108         -152562.27090206451      
109         -150196.62112301699      
110         -150192.77729083446      
115         -164913.06145042754      
116         -173713.66479486626      
120         -190381.34012019902      
120         -189568.70519954624      
121         -183413.23115980794      
122         -190208.22115915094      
115         -175051.10085381588      
115         -171153.6120625062       
114         -168314.95729131479      
112         -160655.00314652245      
115         -166631.40177643282      
114         -166307.23464335833      
120         -176428.11165683373      
109         -144129.62880959228      
122         -176935.81268630316      
126         -187139.85183938319      
123         -177966.81409116468      
121         -184050.81138265028      
118         -173674.89182403253      
122         -179208.91398908949      
116         -167272.12622531439      
114         -162285.62975237763      
123         -186412.42542409812      
122         -188498.53321674783      
124         -195444.99091300915      
126         -204003.7618575739       
126         -206542.36543227657      
132         -228266.54358996419      
131         -228378.23605370781      
139         -245835.94682128102      
137         -237811.88900779031      
141         -253220.70077348495      
151         -286946.63225214038      
148         -279479.51035206218      
145         -268333.50562594301      
139         -254847.81225121964      
137         -250297.62468761654      
137         -242545.0390921756       
131         -225244.28659815184      
134         -232512.20383546932      
129         -222877.49141399018      
133         -232049.22411786736      
132         -226048.54333246194      
133         -227647.19066190178      
129         -209222.11331160719      
132         -216900.54302166935      
134         -226663.30449480997      
130         -212775.0771367233       
137         -228867.73610232759      
132         -216571.11032901888      
130         -213281.98698424845      
128         -208094.24724614667      
126         -206567.91863825909      
129         -212455.9857210271       
123         -195564.05659486842      
125         -205035.54864952402      
125         -197041.10832242324      
126         -191139.37679455467      
132         -210824.91108653296      
137         -229637.392194535        
134         -217524.47765497633      
134         -219245.17073966126      
129         -205350.34447220879      
126         -196731.96199434382      
116         -168977.46125696832      
124         -186239.44763118771      
115         -164215.9584480318       
112         -149348.72858834779      
112         -146597.31601568253      
114         -163487.10246442142      
114         -159748.75499493914      
115         -165143.69727238934      
117         -169799.97330549618      
116         -164191.3851999988       
114         -165270.55400809494      
112         -167265.53290999937      
112         -167948.12319971804      
113         -175603.14615932113      
106         -161408.85610398365      
113         -173978.94296817819      
119         -183132.21466095332      
118         -178211.66652263352      
116         -175982.13901087208      
120         -187152.93804226237      
118         -176512.27485917829      
110         -148636.47675724849      
121         -175670.73562043105      
120         -175693.44833903012      
121         -176732.7130780631       
124         -191083.25573016374      
132         -213096.66981202993      
139         -227797.8617626456       
136         -222167.94306745447      
134         -222250.04261359808      
133         -218632.89695585467      
133         -215537.68635877169      
134         -214629.89946973621      
129         -206741.01174572532      
122         -189901.27452030525      
125         -199706.42066404084      
131         -217521.73875271651      
129         -214382.73009269484      
126         -202875.51894570995      
124         -196485.27307899526      
116         -177408.35186525568      
115         -177815.21507600276      
118         -178655.84024931968      
118         -178935.47316415346      
113         -171640.78035851161      
120         -188212.89662785881      
120         -187355.34475098769      
120         -185585.06004238728      
119         -184689.8488378289       
123         -189436.07009132855      
127         -201327.09221413513      
132         -212419.08928142281      
135         -229321.5165837438       
133         -225818.69597969309      
131         -219582.17511655256      
133         -220692.71195023449      
129         -214469.22180920429      
133         -220420.89879282756      
137         -230884.26646320487      
137         -230871.82380159298      
137         -229942.78618077823      
135         -226959.67498045051      
134         -224875.36693400069      
136         -224841.25729626813      
128         -203046.30379449166      
123         -190064.38567737362      
120         -179794.47405094837      
118         -174479.80962928705      
129         -205311.38443812603      
117         -177419.68013384825      
119         -182025.31633430618      
117         -178622.62366909598      
116         -175708.16135925628      
116         -179071.39333239009      
112         -166190.83816453841      
109         -162106.0418548868       
109         -159636.30931660539      
108         -156997.65896973395      
110         -165775.8773465784       
111         -170863.73204126829      
112         -169506.30315424182      
110         -163832.65881822284      
107         -155469.5356469063       
112         -177294.8855921971       
117         -189296.68029773433      
118         -188716.76364281191      
122         -200019.31433858504      
123         -197138.89550215073      
126         -203844.72571260869      
127         -199838.84596006913      
126         -203288.8999251494       
128         -210069.45268911985      
124         -197013.7117960577       
127         -204483.32009132602      
126         -197378.38969346098      
128         -200259.01811323542      
127         -202896.33619566806      
131         -215244.36126145674      
132         -216737.48110995855      
131         -210910.91523314966      
127         -200147.44930544597      
131         -211818.64581364568      
135         -220492.65872971798      
139         -227871.10246567227      
135         -216159.62079726579      
137         -229083.71019610681      
132         -218454.21846212598      
137         -228939.18283706327      
130         -209578.62640201102      
126         -202102.3285147667       
123         -193271.28263628157      
125         -194613.71093602921      
131         -211865.45527940322      
131         -216180.87100028066      
135         -231111.10681567824      
136         -240075.21415677236      
137         -236071.35740570037      
146         -261096.6755181367       
150         -276522.0256142685       
149         -275620.26975006808      
145         -261672.98813199473      
147         -269829.68067258468      
140         -247972.47763950002      
141         -243764.57274964952      
141         -246670.96088308241      
140         -249712.86740010316      
144         -260804.44649380335      
139         -242430.26754006869      
143         -256821.41594596329      
145         -258875.07077918266      
147         -261228.8814103961       
144         -248890.82055422629      
138         -229538.33093736015      
133         -209664.86230352742      
132         -210237.12484630293      
130         -207482.38913442611      
127         -197791.33885510406      
128         -203462.35096659846      
126         -199838.12406468045      
120         -187026.21651664269      
121         -186991.45599545338      
123         -187481.59115430887      
122         -184536.05332862504      
128         -200287.15384271051      
133         -214025.46811478672      
138         -227163.66711158282      
134         -220446.77106560647      
133         -216832.5348781895       
124         -193299.8363513567       
118         -183421.56975602359      
120         -182347.30843641952      
118         -180955.37849124946      
121         -186328.23357057519      
122         -184885.55320528965      
109         -148677.36810598802      
106         -143242.41170155979      
102         -135736.41090567136      
106         -141374.20009971719      
113         -158890.36917963548      
118         -174331.05455868202      
112         -152730.94536828852      
115         -164069.7920952448       
116         -172343.41453757489      
113         -159319.39555986898      
119         -172457.01065161708      
118         -170293.05088210216      
122         -177963.77764344355      
118         -166089.40546940855      
121         -169395.09883605156      
122         -174882.03678043242      
125         -186574.70583015573      
124         -184382.33688750395      
114         -156819.39171449584      
112         -154451.15316441527      
117         -173002.71064848203      
113         -161331.73944143916      
115         -174122.16651080217      
112         -163459.85010962625      
109         -154195.0854741566       
106         -147576.16958290181      
101         -137492.65667147754      
103         -136637.22573811817      
95          -124029.17554782085      
96          -122576.17478056472      
108         -145079.6643517029       
110         -151713.75610981838      
114         -163751.93567483296      
114         -165606.45898499695      
120         -179606.74444934464      
115         -160279.33752730157      
115         -156660.1865912943       
111         -154569.58259026796      
112         -152353.84364361063      
115         -161678.17729901327      
102         -132475.35046745863      
111         -151716.43209736751      
115         -159099.79661654151      
108         -143804.88986437861      
112         -153292.82197272804      
122         -183940.24253695118      
128         -200765.48155141436      
135         -218656.09237362456      
130         -208484.64938240632      
125         -193665.09005569102      
127         -195788.29498370417      
121         -186709.66891933751      
126         -202002.06034940196      
125         -195888.70994993713      
129         -208323.04092176334      
128         -199947.72641733085      
132         -215351.50726649779      
129         -204326.38761357704      
123         -186333.95718587231      
124         -189119.12891337054      
128         -201679.75609935191      
131         -212461.14636460264      
125         -201292.75479699962      
124         -199735.96639494033      
122         -190944.9686075504       
129         -206960.76883168335      
139         -234531.35104185404      
133         -221982.44287963107      
138         -233015.81167566616      
133         -217228.45838990484      
134         -222086.41004037333      
130         -218055.48961577393      
126         -199147.85208912258      
123         -195991.0720651244       
124         -193485.8151939566       
126         -200771.13525453239      
127         -203042.98067417805      
130         -208941.28619745266      
136         -231401.87640286528      
139         -241214.92259894588      
142         -248698.36217543209      
137         -230833.88496774202      
141         -242941.19975765533      
136         -229972.39314831528      
140         -234328.22602633099      
139         -239039.2282626323       
136         -238547.18134488381      
131         -223238.21288362858      
140         -246614.68786333146      
150         -280727.28129177552      
149         -275113.24112641619      
151         -289342.63144517742      
155         -300558.04964605777      
155         -302906.05402429204      
152         -292178.15787702799      
149         -285802.90095974872      
151         -289637.21195337008      
149         -278697.51050882845      
152         -283171.69193714013      
152         -287449.890621364        
150         -276094.79430859972      
146         -266816.1494093067       
140         -244911.14977950629      
137         -234315.06560479497      
133         -224511.21603097353      
135         -230041.86833360002      
135         -232167.12851641409      
132         -227269.80122255985      
131         -221248.59063324291      
134         -232381.3461618888       
136         -233408.20928875983      
135         -232055.47147575757      
134         -230817.84044936416      
134         -230309.64753142814      
134         -231056.23156024155      
133         -227020.12523616024      
140         -246117.55210167836      
141         -246855.06700702186      
142         -250267.76538114308      
138         -235183.8126571207       
136         -227967.80051754505      
138         -230287.02269768916      
138         -233136.30219193417      
