410 1 -3135 30 30 30
76          -74308.401813604403      
75          -67613.875950086673      
77          -75074.340621375333      
79          -75226.150332759367      
74          -67817.858591122349      
70          -63155.381640499763      
70          -60524.512046090102      
52          -33219.773449178334      
44          -23679.527459146655      
51          -30436.294011787617      
50          -32954.570823804577      
46          -28979.434075382378      
46          -30834.93939612402       
54          -39566.229010561139      
60          -44622.477382740108      
64          -49450.800719943967      
58          -40316.868538790666      
55          -37101.510435015625      
60          -43702.198362408875      
60          -45463.362495301306      
56          -40932.857699760825      
58          -43166.914952726125      
62          -54103.755717954475      
70          -64359.817122315675      
77          -77319.304722525761      
73          -68996.02602067923       
69          -64596.496589620365      
66          -56336.968945997563      
70          -60578.7626216797        
71          -61710.168190217912      
70          -59660.40227331614       
77          -70707.341423329359      
90          -93063.488163258735      
85          -84487.9698044947        
99          -106753.86526693869      
87          -87255.6947296937        
82          -79588.941899350248      
93          -102927.07644779507      
94          -105056.51371867355      
95          -106534.98837109162      
92          -103790.38804977453      
91          -103086.69959104026      
95          -103231.34496152811      
85          -82955.226740646045      
98          -110309.68714013284      
102         -118065.74582800589      
109         -138927.35818329314      
111         -144658.51985938236      
99          -118140.54506220952      
102         -126522.24113721267      
104         -130354.67749351064      
106         -129913.40553832729      
109         -140509.36987308558      
110         -145044.42050487213      
116         -158204.42676269403      
116         -157706.43511141086      
116         -153101.30942187167      
115         -156330.96880002299      
110         -145982.64182686136      
109         -144716.20184355869      
107         -136141.33443512893      
96          -110603.1263722869       
106         -136237.54101814714      
113         -152442.75337431295      
112         -148724.4532042323       
106         -134324.05585675227      
106         -137414.02744092431      
107         -140635.24760378656      
104         -133610.68216706425      
94          -106841.0339162286       
89          -94486.699561021509      
96          -106948.54233503589      
102         -119452.59719952251      
98          -114009.46954280193      
98          -114740.51991260858      
94          -102741.71978439053      
91          -97210.073730936099      
88          -89062.675775375115      
90          -92590.538379641046      
92          -98861.422718151196      
95          -105754.61878512027      
84          -83359.6387112339        
94          -104722.84263525682      
95          -105156.06482538296      
101         -119359.85644452185      
102         -120848.6249748563       
104         -126967.87680010103      
98          -109435.78740020056      
95          -105954.37449133373      
81          -75698.000311132273      
95          -104708.32600360217      
94          -104309.88192870529      
85          -88593.224214963237      
96          -109651.77104896955      
97          -111677.95239484809      
104         -125178.984585649        
101         -121249.07760929115      
103         -125869.58568381428      
103         -131011.39162413093      
101         -125699.16588869665      
106         -133581.25125198491      
106         -130698.26648361504      
110         -141104.94413778535      
108         -133970.87005740785      
107         -132780.57535677074      
102         -121549.43506020799      
103         -122417.17434350928      
93          -101797.59067736237      
97          -111538.88885140266      
100         -111513.22072738934      
101         -117334.43146363577      
95          -106472.69880456974      
100         -115822.89555372226      
95          -103669.26976550648      
90          -94310.531503957289      
95          -105004.49860358228      
91          -99663.606083560968      
99          -117788.4307674867       
101         -119322.67157348708      
108         -134006.94757545076      
104         -125546.72621119059      
98          -114681.3591110163       
94          -107234.18721870575      
85          -89205.819000970878      
82          -79611.15247683425       
76          -69885.737545278054      
75          -69510.012834560606      
75          -70184.315609885874      
66          -54485.087766102566      
65          -50937.912535787858      
61          -44755.549771442842      
66          -55175.589864809961      
68          -58018.142954715484      
67          -52824.270464597706      
74          -61729.583249840805      
84          -80552.149318723823      
80          -74103.410630926359      
68          -58622.890130868283      
67          -56599.977100961682      
72          -62587.300055649044      
55          -43203.138481386159      
55          -39697.358931036506      
45          -31326.8050295557        
46          -26287.868664267095      
35          -16660.358985018949      
27          -7974.1938889658741      
23          -6314.6497092493764      
39          -17696.052792152808      
40          -21846.170150814232      
42          -21189.835819226286      
33          -14025.543859726791      
30          -12839.217869288286      
21          -3920.9005571406719      
21          -5131.0773097552001      
17          -4281.6997438036078      
25          -7227.2507327927151      
17          -5286.1252138111513      
22          -4094.1731617048599      
21          -6167.2073424242581      
17          -2498.117738384321       
23          -7695.0916348810779      
31          -14508.749501653605      
28          -10700.304169878935      
33          -15464.493370047405      
48          -26115.031476893579      
45          -26592.898052661985      
54          -36064.994238336774      
58          -43290.79157467105       
69          -56089.879585607567      
76          -67536.820578154497      
69          -54918.365557033532      
70          -61997.896263104274      
77          -73017.538852331956      
86          -89725.428730284068      
84          -85961.266324790427      
85          -88355.09090884318       
87          -94732.724035749503      
78          -75458.472735403062      
86          -89246.577696665569      
90          -93850.608375409123      
93          -104261.84519615871      
82          -83938.70119955737       
79          -74805.507786018934      
78          -69394.308560492675      
78          -75776.410274702197      
76          -66800.901486845571      
81          -78357.826743522339      
82          -80932.456885905762      
90          -99213.393553940463      
84          -88331.58870505818       
86          -90155.254148960492      
85          -84401.184586404692      
81          -81091.005788766051      
89          -94741.686862042538      
99          -116267.45122759226      
95          -109843.90931013212      
101         -118769.13765308454      
101         -118885.68830613121      
106         -131642.54499869762      
105         -127285.81917539857      
103         -126283.02782696897      
93          -106519.48982470663      
90          -98044.211479696678      
84          -87494.668901155528      
89          -96365.4198639682        
92          -100887.14364536518      
78          -75480.34066952618       
80          -80658.244410810468      
84          -85801.921770447545      
87          -84758.960666917337      
88          -89222.698410002107      
93          -100856.29024205166      
89          -89121.092351453117      
89          -91222.540756851915      
90          -97433.311178159202      
78          -74061.953905823582      
72          -61458.838573453802      
75          -72453.086211860194      
62          -53919.548239686337      
73          -65811.474334145983      
64          -55166.301435439374      
66          -57391.22446772299       
59          -45178.852925777508      
54          -39411.931928369908      
56          -41275.964187742589      
57          -38506.998255966879      
41          -19755.421616366675      
48          -27874.108854921549      
35          -19468.118447692657      
35          -13953.742158905532      
37          -18959.630839132114      
29          -10010.401925978471      
23          -4615.0937895064963      
23          -8905.0356708104337      
18          -3872.1516953273904      
37          -15589.450335853098      
41          -24271.316343562561      
41          -20391.339839873039      
34          -15846.420218124898      
32          -17002.100622120768      
26          -10576.483020838803      
34          -16920.167856803677      
33          -14991.056505977233      
33          -12038.345519857116      
47          -30258.111824976626      
53          -31465.279057085609      
46          -25966.445338904552      
32          -13822.103928871031      
46          -25196.270764819317      
41          -25637.212092154688      
51          -31113.132870495767      
41          -17691.768679519661      
48          -31792.435982102441      
42          -21919.300997580111      
44          -23904.301202262264      
44          -21820.601941561661      
24          -8401.1820959340421      
19          -5988.347532522308       
25          -9288.4120205043091      
15          -2152.6847383030063      
16          -3012.2782625195168      
20          -3858.3799796861376      
18          -3519.9215817857985      
19          -4885.9717893254292      
19          -4200.8716073436453      
14          -2795.3208859936476      
19          -3327.7723827580799      
24          -6195.5493810283588      
25          -9061.2366203046531      
28          -9587.7368017153822      
27          -8752.165327060342       
21          -4575.9319443312379      
21          -3129.8305629800316      
30          -9450.3442653016809      
43          -20193.144215203629      
27          -9483.2408822057605      
22          -7921.0096342865454      
22          -6243.0952437203887      
24          -7540.9813079572805      
25          -6532.6117509892101      
20          -3950.2832417216614      
23          -7983.6028079994076      
14          -2139.398909166297       
26          -6622.2035051278208      
26          -9687.4615052480476      
18          -4196.696684054391       
11          -1029.9397102464839      
16          -2898.0771606889671      
28          -9390.5128323564677      
31          -10822.194652925991      
31          -13524.785403972151      
27          -9525.524755304672       
40          -18415.285884623616      
24          -5765.452739688395       
23          -6556.1133615310528      
23          -6606.9436102121335      
29          -10530.2052465214        
32          -13322.55841801673       
30          -12027.11326719631       
39          -21006.816221207366      
45          -24425.490178894521      
40          -20117.489304486786      
28          -11710.465568181426      
26          -7111.6398738101971      
24          -9014.0757620780805      
23          -7020.3856170823356      
32          -16442.127812625076      
37          -14092.525921646353      
30          -12285.815871595456      
33          -12156.852805340743      
26          -10338.561419456661      
22          -7551.8520435843711      
28          -11378.933515719971      
47          -29910.795242959368      
46          -24404.803428997606      
48          -23810.485243384333      
41          -22525.853834158104      
41          -21908.036840987443      
49          -32034.466004397713      
50          -35365.976332058905      
53          -37914.434812579406      
47          -29895.114765982507      
49          -29136.778624947081      
46          -28894.374235788964      
49          -31450.334384344922      
45          -23960.001789534002      
52          -32802.516679621513      
49          -26811.080626031468      
39          -17079.610468727275      
33          -11469.152997503834      
30          -15145.357266311992      
28          -10894.294587909699      
26          -7105.7998023684049      
15          -2013.8219382641068      
12          -696.90222383839523      
27          -7964.8881075786958      
35          -14509.639308807695      
17          -2624.888391768653       
21          -6998.5028692302458      
26          -8136.9409207194058      
27          -10335.330988799211      
26          -9518.4340911313211      
21          -3259.7429990210899      
29          -8559.4765287900918      
21          -4831.8450383340969      
23          -5204.6311389997018      
29          -10300.928976730234      
24          -9274.8978043754942      
22          -6182.5987341413402      
18          -3369.2963918865221      
24          -9322.1938947019044      
27          -9361.1406392370391      
30          -10173.117939449126      
28          -9343.3651370005464      
40          -17822.796361585435      
39          -19826.162599965253      
35          -15738.947733960287      
29          -12233.428125049675      
28          -9715.3524687892386      
24          -8217.732231365766       
30          -12397.649169767599      
37          -18805.499606271831      
47          -33564.645086366625      
38          -17844.491564941018      
24          -6469.3487944773942      
24          -5079.4175452053205      
28          -9480.4223235643803      
30          -10307.538973064748      
38          -17831.693280403837      
57          -38686.920302243991      
58          -41501.158088769211      
37          -17804.273527419064      
35          -14056.770650208335      
40          -16465.720084631608      
47          -24029.618294781681      
37          -18292.764523723243      
39          -17984.983037660273      
43          -19417.050775654472      
39          -19482.013824751997      
28          -8799.2415815211007      
23          -7386.561432688175       
31          -10713.293832211401      
25          -8256.0874398660253      
34          -13255.187168692271      
31          -13181.708291350555      
27          -10789.734933265197      
23          -6061.3927477462303      
24          -5876.1158394352733      
17          -3646.0367106414906      
21          -4648.1148309636719      
25          -7609.4008867246885      
39          -18296.818462760359      
43          -24307.391452493775      
35          -15793.177389940209      
26          -8496.5453891716079      
23          -6190.600482138846       
29          -11102.223105416797      
20          -4442.0865537009277      
22          -5973.5309680728478      
23          -8281.2771847062795      
24          -8468.3160552006448      
37          -16360.57528403415       
45          -24504.736538738791      
44          -26532.976116098012      
27          -11404.474880336913      
26          -9607.2212092594418      
19          -4511.7192044220892      
29          -10230.427642089511      
29          -10489.163961911328      
29          -10006.618124812885      
41          -23499.052902786585      
49          -29064.607100707763      
40          -18855.962009236158      
42          -22513.498697449046      
29          -11253.508342213154      
33          -13247.316043719462      
32          -11230.275247470341      
24          -9135.063836842106       
23          -8014.6501428511474      
35          -14881.948781460898      
33          -15688.825910434667      
34          -15249.746231872927      
36          -16469.098847439971      
38          -21010.243595716223      
36          -15757.864198171876      
42          -21632.495274902292      
49          -33575.010002087991      
51          -29401.219029714644      
56          -35520.159443028948      
42          -21268.807661728177      
35          -13639.792137562084      
31          -14868.126547267475      
29          -10377.844963212159      
30          -10143.044839603892      
26          -7632.3360789508733      
40          -16708.519680433885      
31          -12791.012178315201      
40          -19343.533294763973      
41          -26245.711650352983      
31          -13781.815780939147      
40          -19618.013086693903      
40          -20352.508781487377      
54          -33330.82176343316       
46          -25452.949847739037      
42          -21731.161827134922      
43          -24709.249230792575      
28          -13688.995263381938      
39          -16315.02612463898       
37          -19968.187390215993      
31          -13506.730369556173      
23          -7599.8814840879149      
13          -1991.6475284205662      
29          -7694.5601853047083      
22          -7204.4437424071239      
24          -8835.9192273220633      
30          -12616.373197588764      
40          -18412.381717076863      
40          -22069.812981557967      
35          -13539.094791944104      
51          -30364.708365945186      
60          -42617.171384526882      
56          -38273.886270618867      
46          -28159.163374549284      
45          -29129.551282744258      
50          -30832.43080334222       
36          -14263.237100344259      
45          -22428.939089262498      
46          -30727.316171864579      
43          -25031.360458303196      
44          -25884.330707598143      
45          -29903.710366092375      
50          -30766.861695490632      
45          -22671.11625039046       
36          -16304.960673299083      
43          -20896.021832679566      
49          -29104.530637064876      
47          -28396.156045051885      
42          -19704.547619590081      
49          -30683.041456206374      
46          -22540.147386430559      
44          -25255.698413140148      
52          -32903.288186463076      
46          -27735.572993677797      
44          -25476.511070269771      
55          -35855.619750279082      
51          -28798.446752334858      
52          -30903.674736807508      
58          -41834.671846552104      
61          -47871.185789284449      
65          -54257.492349162509      
70          -58412.426542728164      
78          -70384.66895378707       
74          -68603.523114771393      
83          -82244.343582636793      
92          -96596.785154845886      
85          -87373.757366657534      
85          -84423.6722394112        
86          -85755.740131013823      
86          -89125.251081148977      
87          -91808.156628199315      
97          -108516.46760650416      
91          -94292.64914764493       
89          -91236.42021933815       
86          -86239.074067793525      
82          -79494.488757291998      
80          -77556.763709895138      
81          -81691.466106138687      
83          -82024.017700436583      
80          -79562.816466483375      
83          -80633.715804311214      
77          -69107.580602629212      
69          -56293.485370956601      
68          -55962.919622254791      
76          -64797.015449502906      
77          -69633.886697600814      
81          -79048.265371276138      
71          -68849.873417076291      
76          -71935.542503122982      
75          -74614.757238283346      
69          -60145.290803610602      
71          -62278.225808675619      
88          -94899.119067821361      
86          -90926.395347088692      
91          -99303.018417330299      
97          -105135.39943915805      
91          -94627.078926353264      
88          -86691.009768464166      
87          -87650.658108070886      
94          -101367.02487082985      
85          -83862.872826331979      
92          -95922.792438549834      
90          -96176.647019596974      
86          -91164.885956996281      
86          -90052.165008616852      
90          -95191.123815648403      
90          -98518.27039263495       
100         -113884.0894729834       
97          -111269.17039879905      
89          -91552.635690083785      
100         -120126.69424202628      
97          -112628.0969255337       
104         -119066.46396946372      
95          -102836.68039506138      
98          -106603.02069525355      
89          -94622.343131515678      
84          -83822.714989456363      
77          -70236.42507516942       
76          -70654.018220017111      
65          -52522.980141616739      
63          -55728.354678519448      
62          -51977.591368502275      
62          -53598.997022919357      
67          -55674.506021653317      
69          -55033.049695994319      
65          -52448.812176662606      
71          -60976.628577209514      
76          -70424.992160689973      
84          -80083.059442294936      
76          -65058.533427891954      
78          -70415.993449150832      
78          -75077.141755131393      
72          -65024.927230016881      
85          -84842.79280756801       
85          -88676.369139530958      
75          -73955.212461337971      
84          -88238.271597451792      
89          -97574.170984939366      
91          -99144.035831191984      
91          -100054.00282876645      
88          -94763.309968672562      
92          -98741.451070751005      
98          -116089.22257171218      
108         -134204.16298204413      
107         -137342.46325919332      
103         -123707.73210146284      
93          -103770.31601228472      
99          -115490.19780960036      
93          -102578.542016205        
93          -105760.54599499296      
101         -119111.25391434979      
90          -101553.34265508084      
95          -112922.91620170081      
110         -140751.43425113088      
115         -155512.24870765369      
113         -152740.55957784932      
112         -152920.18339948214      
106         -134411.29021018802      
120         -170172.07301088705      
117         -160243.01321288937      
115         -150011.44690646094      
108         -137339.55080129803      
99          -120826.8746813777       
105         -130496.09588285131      
102         -122601.38210547766      
106         -131494.49350942217      
104         -124245.2405549184       
96          -106639.63715437104      
93          -105537.80550269382      
96          -112423.44654428742      
94          -107698.3958127661       
102         -128585.53387846143      
111         -151134.83861960709      
112         -143598.25543225359      
114         -150860.42934903526      
108         -138219.09304733743      
111         -146614.08277788476      
104         -129659.48151768091      
96          -111583.70148842604      
105         -131996.3731669049       
98          -114819.66715150341      
97          -107991.05231552885      
98          -111418.03791458317      
110         -134450.61153526467      
107         -123401.17933013721      
100         -115051.0576622627       
97          -108107.87965170173      
81          -81610.524110687402      
87          -89591.653827275994      
80          -78097.358875641541      
72          -69004.176998626819      
70          -61375.938705494147      
76          -66197.069986132323      
57          -40012.538205294637      
38          -20743.672585129611      
49          -28725.702106320987      
44          -24754.207022383023      
54          -38225.475446931327      
57          -36318.184555932137      
48          -32071.773599585587      
46          -28885.251805185813      
49          -32646.572308635961      
38          -17084.25319222757       
37          -19778.878609086561      
41          -18215.013898733934      
37          -18184.851890081598      
36          -16604.706921567969      
29          -10335.911770922434      
35          -14870.683719129302      
21          -4350.3154826372747      
27          -8288.0691055579409      
36          -19683.117915818373      
34          -17169.962345860426      
33          -17923.265102044967      
35          -18865.887495200604      
32          -13040.452103036761      
29          -16311.574727023437      
42          -25456.719507694321      
42          -26698.126196974845      
39          -23526.472738652057      
35          -17156.748809689256      
30          -11043.488617753734      
32          -11343.219928441542      
40          -18205.658191144292      
23          -5571.9332640382399      
14          -1171.1266162658089      
22          -5512.3038728200127      
27          -9847.5733341390787      
27          -9969.1580785516089      
31          -14241.674009155831      
38          -21059.364612430923      
24          -11806.648489976556      
22          -7797.7841052742697      
17          -4306.7923102346194      
25          -8648.0279786380124      
24          -9098.3516649250287      
23          -7397.3908837868385      
23          -6583.77789670122        
21          -8595.1330025208699      
28          -9723.5408284487548      
32          -14228.591970463018      
28          -11170.384352767887      
33          -16140.080070682268      
33          -12676.95967795142       
44          -22385.991120244365      
33          -14143.549895251803      
44          -23971.715745514746      
45          -25808.4885226115        
44          -24044.74017301463       
47          -30250.401795872396      
46          -28714.455146437394      
40          -17538.411839966302      
36          -15840.764989023353      
29          -12429.141655906466      
27          -10318.391108858752      
32          -13750.137430626117      
31          -13002.158847146311      
29          -12479.026420754226      
27          -9542.0595350836775      
37          -19230.631766067265      
39          -18396.467693141978      
51          -30946.332411670523      
47          -27019.573664200296      
49          -27978.457396234771      
34          -16917.12820746388       
28          -10691.263562349421      
31          -10790.152748210076      
34          -15079.147194538711      
32          -13902.63062573885       
27          -9318.4030927457352      
39          -17428.066854684454      
33          -10345.499232205326      
46          -23696.512902791368      
41          -24083.010240707019      
45          -28716.488768847339      
51          -32658.911239457859      
65          -51960.441124694262      
55          -38708.765163989279      
50          -32496.858443088542      
57          -40938.816080350218      
68          -51425.225387651182      
71          -56840.830396494777      
73          -64799.108236370601      
87          -83990.87245013137       
101         -111462.48315261163      
94          -99983.379330836702      
96          -106711.08766448531      
97          -107726.67024986935      
103         -125527.84193750689      
105         -132135.16298940917      
105         -130047.87326253309      
104         -129071.74506830914      
99          -116898.51758130178      
101         -124795.66383693437      
99          -119587.26814621023      
107         -134546.52326839903      
104         -128437.42760856845      
98          -109725.74068615041      
101         -118199.97017198159      
92          -99169.887339106237      
91          -101081.17537064143      
91          -101214.97611531449      
89          -96099.79601579567       
89          -89525.168927581879      
98          -110664.53074142724      
96          -108058.53919187724      
97          -109575.99973218016      
95          -105547.87381342521      
88          -92776.065044497256      
77          -74207.244808210002      
82          -84556.343365162102      
82          -85223.158035477943      
78          -79001.794091837379      
88          -95166.33977947454       
75          -71694.298419957602      
76          -75328.113135211664      
96          -108893.01603235856      
86          -93163.20296688861       
91          -98253.646453126945      
92          -106168.88322269201      
93          -109208.16543314882      
83          -88678.739411047805      
84          -88247.411266398354      
84          -88184.667420720318      
77          -72308.69028428875       
74          -66979.082467539687      
74          -64177.551194852756      
75          -68688.80233589714       
81          -78939.349307822718      
84          -82827.99220042993       
81          -81264.133008757373      
84          -84910.994496234111      
81          -79620.299831405369      
83          -80862.901139013265      
85          -84137.418924448692      
92          -99737.755675600172      
91          -94948.282411682361      
97          -114019.20088132539      
95          -106000.84475860704      
96          -105404.54983211728      
93          -100719.41232583702      
102         -117980.46449326364      
103         -116248.90041853898      
97          -109513.07740561648      
98          -111657.99456318202      
102         -122263.03480510513      
106         -133247.20666863999      
111         -146644.6886006096       
118         -159768.23341377155      
113         -155501.2942954613       
116         -165990.17073903992      
114         -154113.84385811107      
120         -170940.03348726206      
122         -173827.30661898042      
119         -164912.20011173995      
115         -155734.95759240977      
118         -160449.94235002151      
116         -158041.79778441347      
115         -157286.85086905933      
114         -152307.23960686245      
110         -143303.4044517102       
112         -143679.87478554214      
102         -122673.7977120412       
95          -109113.64400614814      
93          -98547.412362215662      
97          -107760.9505965448       
101         -119653.74086876398      
105         -127461.19223713115      
97          -110692.14798449492      
103         -122698.25321469597      
107         -129746.12243952579      
105         -130596.24461522236      
113         -150132.80256868812      
113         -151207.27970096495      
105         -132202.41689593162      
105         -134370.11538850659      
113         -151939.4202512812       
108         -143653.17946619808      
110         -139591.49123514933      
109         -141262.8526584568       
101         -123769.69345175548      
95          -110593.86769292138      
97          -116796.84523366978      
93          -107178.59002544952      
90          -103276.45707291718      
86          -93166.366483511243      
90          -97137.053542055641      
83          -81735.941097067378      
89          -90770.604690970547      
83          -85993.202574344788      
94          -106123.41093698276      
88          -95529.926713483525      
89          -93208.242777595311      
88          -86914.522968135658      
87          -88350.584245654609      
97          -108293.820560377        
96          -106330.26022993987      
106         -129061.76450972128      
106         -126149.00019102909      
95          -99434.388323343912      
88          -89173.991665157388      
80          -79199.425428605522      
76          -75113.03420915801       
78          -75008.565968056297      
78          -75288.039860992576      
93          -99731.313907642136      
97          -103633.32017935379      
94          -99200.704840633756      
80          -77665.416694378495      
82          -81635.873916491124      
88          -90608.110065505651      
83          -80783.19540995649       
74          -64414.959007356221      
60          -42932.567661551817      
54          -36403.506042012552      
52          -35550.312700777584      
63          -44359.264893528605      
55          -36184.419296140113      
57          -38997.705008262987      
49          -30868.040700800022      
50          -34303.894871788172      
53          -34986.087418154704      
44          -21870.12908999408       
33          -13767.389015735553      
31          -12175.383170302479      
46          -26609.124163377583      
44          -23469.020097212462      
45          -24802.493099402109      
32          -14685.12246339484       
37          -16101.009109851093      
32          -13908.962074789721      
40          -21640.275104417207      
48          -27569.43437265266       
48          -25031.04796034324       
30          -16457.0767705736        
35          -16507.553114814637      
29          -12429.783574559953      
33          -13235.30602604153       
35          -13884.634988838545      
42          -20870.580115346358      
38          -15770.134523828114      
33          -12724.582199189694      
24          -7883.6657594076078      
32          -14475.971109489265      
25          -7464.3288207478508      
23          -7317.7664931036234      
24          -7837.1435498743831      
23          -5388.5919522760305      
18          -3342.3925166898825      
18          -3464.8773855866907      
18          -4300.4954691676803      
20          -4206.3145611611781      
12          -1655.7593229814029      
24          -5396.9707578011275      
31          -14678.342168029518      
27          -8617.1355136146885      
35          -17400.505169881646      
37          -20604.302875105284      
39          -19462.442576196543      
31          -11521.10050872799       
25          -8289.8232629405338      
21          -5002.3060229691473      
17          -4203.3816850965286      
29          -11063.422805201548      
27          -9717.5493355347753      
12          -1660.9281006946144      
27          -6753.5631754015249      
29          -12128.661383791414      
21          -6456.4631374571945      
18          -4747.217748385995       
17          -2170.0930031765101      
28          -8804.0372168095982      
29          -9790.04857606113        
36          -16753.472625799273      
38          -17189.350327144122      
32          -15438.857240948088      
39          -20591.673894984389      
34          -15875.750263208341      
32          -13671.044142259765      
30          -12153.004264062571      
21          -4892.3367663743456      
22          -8267.6615953586479      
32          -14261.050465381522      
31          -13894.917497488386      
39          -19978.084405294419      
41          -20335.190655604234      
39          -15275.806569451293      
27          -9124.0482989749944      
35          -13093.001084853182      
34          -14430.761271449726      
35          -13963.851522745723      
29          -12417.189565966728      
34          -14458.785067127697      
27          -8445.9290588438889      
24          -6337.5667234628654      
25          -8248.1175088796117      
33          -11356.010475180701      
22          -5160.6506468454572      
28          -8023.9212993826513      
31          -14732.156912654853      
28          -11584.882794073961      
23          -7493.9635681046066      
19          -5849.2109600113072      
27          -9330.0821841686011      
25          -8162.9958190803354      
28          -11827.734658714289      
28          -10511.611432634225      
28          -11252.811403262753      
21          -4643.0597522420439      
28          -9415.3726771514139      
31          -11043.770447552241      
26          -9075.6283828003525      
27          -11434.863475978409      
27          -9898.7610220499282      
35          -19258.244625020972      
43          -25925.849812731474      
41          -21938.057300599434      
47          -29820.491413088548      
48          -32264.785108567667      
47          -25452.025801079853      
41          -23192.905790937981      
48          -29349.449665228891      
53          -36745.255277766875      
67          -55848.153967259437      
72          -63523.523725286519      
67          -54626.386273098171      
78          -76111.129097595491      
76          -72669.503049987281      
67          -55992.073345529185      
66          -54841.843763131423      
64          -51693.649047933701      
59          -44427.882229394148      
56          -39737.975813540623      
53          -35016.129476923699      
52          -34878.956185669995      
40          -21503.161272711008      
51          -33196.748719366304      
59          -43162.766395717095      
72          -61983.24820233589       
69          -51846.686071423865      
68          -57415.8249436232        
66          -52166.350849362221      
66          -57544.228101375622      
61          -50761.985383082574      
61          -49171.899430512254      
73          -62366.239195962044      
76          -63606.443457060304      
73          -65869.436249322927      
79          -76383.459726163303      
84          -83553.482123178954      
82          -82225.4855190128        
85          -84886.372435857978      
74          -66311.738301896476      
77          -69871.329079308154      
80          -72617.936479661657      
75          -66233.59179581936       
88          -89229.346354256355      
82          -81658.584922813505      
88          -94027.800182048915      
96          -109136.22064476693      
107         -131349.18365178481      
106         -133978.42681816616      
98          -117161.94814423552      
102         -122108.54086244866      
103         -123975.85497009494      
99          -114283.17296736535      
98          -112422.50986100279      
97          -110032.52973391027      
96          -115354.0659328896       
93          -110451.52019970656      
103         -125942.45918518574      
92          -102079.4619498871       
89          -95679.341296476341      
87          -85378.076392418356      
86          -86694.563605872914      
89          -89581.173296387016      
89          -93239.126647091267      
94          -105872.89141403421      
97          -107356.68802641844      
92          -96956.669647380666      
92          -98080.448753343459      
84          -87990.041161448898      
89          -94791.720826709672      
87          -93442.029721719417      
86          -87522.331940069504      
83          -84146.905878567981      
78          -76594.745176960569      
81          -79314.971440681635      
83          -79858.498019855877      
86          -86913.648795561981      
78          -70628.982568991196      
85          -83100.50765101322       
85          -83147.32202312212       
82          -75479.595940011975      
88          -90548.092113820225      
87          -87340.364083532782      
83          -80189.293175768355      
82          -77865.561910938341      
85          -83724.261120491356      
71          -63801.224356801082      
77          -71590.767971106397      
79          -73965.626951090308      
81          -75916.014904219861      
79          -74651.608562591995      
83          -81211.915451968554      
79          -71986.69505347799       
78          -73420.89678240678       
87          -84477.39859194665       
72          -65142.332697388789      
77          -66449.796357991538      
78          -74423.152029421559      
73          -65395.456281501261      
80          -71688.251053973014      
67          -53528.752546998316      
69          -56603.703027230258      
76          -70902.554106009193      
83          -84645.661617115184      
89          -95440.616375353668      
90          -97936.066896205331      
92          -102069.63557470121      
84          -87094.265249954493      
75          -71138.217061423187      
77          -76060.579053591529      
74          -68783.237228360231      
70          -58113.695281489141      
63          -49029.696743635679      
64          -51947.506529879764      
72          -65522.469723308837      
71          -63917.666459680535      
65          -52946.128875556242      
79          -75232.274051682238      
78          -71469.568833754674      
68          -57154.437795261161      
65          -52465.585446842131      
66          -51601.146131906447      
70          -58016.609088192432      
73          -62516.022896559254      
81          -80919.306907542225      
89          -98626.034558583895      
88          -90226.5123384951        
89          -92202.003221082821      
84          -79390.795699929164      
75          -70319.324678631237      
71          -55396.811930518787      
65          -52096.287252499853      
70          -57564.565816906623      
71          -59282.018908507918      
73          -65586.247206665939      
67          -61230.537108244156      
69          -58101.962622370833      
72          -61284.737993361385      
60          -44479.672954986811      
64          -55934.743138832579      
59          -42199.883768168474      
52          -34836.461949115997      
63          -48253.68260586237       
55          -38609.314161479044      
56          -35970.986524770859      
56          -34816.245108521151      
54          -31890.010001226721      
40          -17600.997516355812      
34          -15269.063943016725      
35          -16014.595517071075      
37          -15155.97230859881       
41          -18083.741799740747      
29          -10255.40721812532       
39          -20812.409928673442      
44          -24732.229485914489      
46          -29698.824148778142      
60          -43804.942244402147      
55          -37620.701507418162      
61          -45054.076699563622      
69          -56383.038972918534      
66          -52683.345337476276      
67          -51200.626706484778      
73          -63687.729945162268      
60          -47734.649489318028      
59          -44576.563825771504      
53          -33559.377875581311      
54          -38912.32021790123       
65          -52904.869240851607      
68          -54543.4788142037        
54          -35637.858839736917      
53          -34402.332342868358      
40          -22550.967064119337      
37          -16399.066378838776      
25          -8413.2571776170862      
22          -6652.5748935444581      
26          -6648.1853258561378      
33          -12396.510241741915      
21          -5477.9204881659007      
16          -3804.2422238056133      
20          -4186.6128941626985      
31          -11451.608768278253      
33          -15398.904965010724      
36          -14733.113792187227      
23          -9746.0548241481447      
28          -8952.9324129662455      
30          -12713.082143102652      
24          -7978.9563897430489      
24          -7720.1603041253347      
23          -5463.9289488827562      
29          -9939.5810537995912      
27          -9292.7161263405451      
27          -12559.285119324233      
33          -15541.494566627254      
45          -27189.204025527339      
34          -16371.777613518589      
23          -5480.2287902896505      
34          -13388.296598533556      
45          -23438.303280935692      
37          -14448.133972992868      
37          -18024.234429798864      
45          -27131.629532942276      
40          -22976.549843198191      
38          -19834.552716928865      
36          -16101.804432300858      
39          -18972.408477918903      
46          -23613.550803464103      
37          -18073.160421991404      
38          -19210.330959776347      
27          -11982.231492672279      
43          -24406.057957205019      
40          -22235.163154649428      
43          -24194.87029011648       
48          -27527.067187386787      
50          -32426.321013967696      
47          -25203.059607867341      
58          -36210.304701961279      
58          -38919.562273021693      
67          -53852.736107039695      
71          -58300.068886758781      
71          -63079.236359216789      
56          -41690.99947818261       
63          -51646.406821720047      
64          -52347.501258738295      
70          -65152.594532512841      
77          -73814.492344336104      
78          -73515.26739535213       
81          -76997.849333755978      
78          -77250.860748080449      
74          -66937.250589477218      
76          -71920.119906354885      
74          -68615.013479802117      
73          -67996.425294763219      
79          -77240.367686889032      
73          -68304.558296004892      
81          -76269.587145528087      
81          -77069.43418705152       
76          -68238.445185884397      
85          -83989.904395329169      
72          -62907.434395850141      
68          -54083.041950795538      
62          -44976.905819592343      
65          -53680.701545951655      
60          -43083.213375011263      
53          -37679.977818111576      
48          -30337.879207882186      
46          -29032.563881205268      
48          -29499.666777513979      
36          -18679.874619046885      
27          -7176.4808171149971      
20          -5043.201162511039       
28          -8261.885001904926       
26          -8561.8693327079127      
30          -9347.7046929563039      
22          -7087.8496615326421      
16          -3988.3356026646029      
12          -462.50136270551047      
23          -5890.7626483635049      
25          -8853.5235022572142      
30          -10614.481899950408      
26          -11988.083445755892      
32          -15359.128079530004      
29          -13530.870641368179      
34          -16704.2886041899        
23          -7602.8097039940858      
30          -12705.638770824433      
32          -9880.4997695025413      
26          -8990.495501824751       
42          -22360.807292356847      
47          -29772.331013865623      
40          -18342.690247471113      
49          -27834.751895749083      
59          -39472.305343316708      
58          -40119.708012456664      
56          -41082.267703302146      
56          -37776.498541162473      
51          -31304.863381808365      
49          -32474.693543122412      
52          -30343.608195691992      
54          -39571.669034090512      
54          -34111.030886335371      
56          -35760.761041986698      
55          -34753.395509344824      
32          -12591.692516714535      
32          -12538.245971084831      
26          -8140.3869364857037      
40          -18444.485363208358      
33          -10018.40593245572       
30          -10541.821012681499      
41          -23305.92101742731       
66          -49080.570875716541      
73          -60050.253993423976      
77          -61289.042886343042      
66          -50312.081788690615      
64          -48237.65404182901       
60          -39858.427217017292      
46          -28483.996878448103      
56          -38681.962356174197      
49          -32812.227150915103      
48          -27504.241286833887      
40          -21938.25407116313       
38          -19406.145177150283      
36          -19310.036346988181      
34          -12192.644059854023      
36          -21513.877424874583      
48          -30192.000125552473      
52          -37199.48262098548       
51          -33530.685450811063      
44          -24667.227939388085      
54          -40689.757059824296      
52          -33671.519504696262      
50          -31776.553978860597      
42          -25454.012513034388      
37          -20845.747834599642      
42          -23509.97701781652       
59          -43945.972641857596      
49          -32281.319667193122      
51          -31182.072226782067      
42          -22063.621196508444      
33          -14892.456360661738      
29          -10091.729754165859      
20          -5903.4250181553907      
26          -7975.7335603379397      
24          -6522.3005976265267      
33          -10696.153739070975      
26          -8025.1372572402879      
33          -12134.846643056133      
37          -18007.509920794419      
44          -25877.987133154216      
37          -20762.899214716654      
38          -17851.922291858144      
45          -24010.083592852327      
43          -24131.19599333599       
41          -20417.552331093822      
36          -16776.444756513345      
35          -16468.058628508388      
32          -17181.902629278502      
36          -18160.542991534487      
31          -11102.612504815337      
25          -7628.9174103249497      
27          -9349.9150334009973      
19          -4256.4807907212153      
13          -1666.6689498856019      
22          -10610.827569425346      
26          -9598.5762366899216      
25          -10189.419282033314      
28          -12387.758458069629      
25          -9140.2878071006471      
30          -9772.8846972958236      
24          -6989.2395096136079      
31          -11960.940870006309      
26          -9733.8754197971175      
33          -12778.635821944325      
21          -5563.7563793649188      
26          -7158.5291367529744      
27          -11334.525230467556      
24          -6534.825115657979       
35          -14518.987341215074      
37          -17004.669179412587      
24          -8449.9728987439285      
37          -17375.8051709346        
35          -14211.489005195095      
18          -3142.8989789165807      
21          -7273.039977213487       
14          -3857.7206349035523      
23          -5074.7095199455407      
27          -11042.580711720693      
30          -11413.039445907512      
31          -12279.027535442096      
30          -10471.769847318721      
38          -16764.761021381641      
30          -15642.110191329804      
28          -11728.732840842953      
29          -12891.58058384618       
36          -16539.223797406103      
43          -25884.263724947894      
44          -23833.792277537588      
43          -23557.427594164623      
42          -22160.96906878642       
45          -27030.663063594431      
44          -23656.380760463919      
49          -30405.898537607267      
47          -30625.205497530344      
32          -13350.749334147937      
27          -7911.3146393707584      
25          -7551.573837196237       
17          -4319.7602220729786      
17          -4226.1368367487084      
23          -8371.8499003804282      
31          -12721.826803378526      
37          -16218.770925829258      
35          -17212.79036486183       
36          -15540.549009346922      
24          -7675.7367736216529      
26          -9713.7611452725323      
26          -9424.6220656207424      
25          -10296.800539599137      
33          -14273.0187698931        
42          -21017.569653958486      
50          -29920.641526842195      
50          -31260.010523695706      
51          -32929.185491098542      
62          -47065.89178170306       
60          -41750.505941647229      
62          -48042.02856584343       
47          -31068.715506707955      
29          -14132.575650087807      
27          -8460.9017058089776      
24          -7203.2027350689095      
29          -13029.89524331332       
25          -13796.485989858671      
36          -21313.389325458626      
52          -31417.936510548665      
51          -27855.408897590249      
40          -19676.607211527957      
35          -15971.987503930426      
39          -24072.890288114944      
43          -26523.860228349356      
51          -30341.853552381053      
46          -27658.988543698706      
47          -29742.609248509649      
59          -43789.795944373313      
47          -25335.814793815913      
33          -14089.419648168456      
25          -6519.7523535477703      
25          -7015.6518270543502      
29          -10644.596659737146      
19          -2830.6130361878504      
41          -20735.955011343241      
35          -14268.150843401416      
24          -7166.0144729436943      
24          -7589.5142334343673      
39          -20420.321606306959      
39          -18156.752470624153      
30          -9237.5492504596405      
29          -12275.004455944803      
38          -17285.051754483098      
39          -17773.064903521805      
44          -25544.754226969908      
46          -25085.55796522848       
49          -33037.142225905307      
50          -29803.231022318272      
53          -31622.190237119165      
37          -18979.607216206939      
28          -12371.942652426407      
29          -10943.971358127885      
22          -6604.0382715801716      
28          -10451.191228349595      
24          -7983.5173814022801      
32          -16628.690582338128      
38          -16782.273386792709      
17          -3081.2109204025332      
21          -7267.3243247212104      
39          -20979.015637226024      
34          -15881.273590265831      
34          -16616.289764870489      
38          -19164.600702531068      
35          -15886.664291122341      
52          -30639.637361002191      
48          -26262.403279575425      
46          -28467.668223447265      
30          -12599.86691720423       
38          -18397.251733798694      
29          -10848.210998740631      
27          -10090.306036286653      
30          -13260.749724531179      
39          -20955.875233661693      
45          -29166.640177287001      
49          -31088.640054446558      
54          -35357.5525214839        
54          -35054.592336657959      
46          -26856.901235352027      
46          -24290.402872480834      
42          -21838.034598471062      
37          -14643.356630838358      
26          -7577.0009569233252      
30          -11374.92746571215       
16          -3552.5560299725385      
27          -8045.5426088071408      
30          -12473.136312144718      
19          -5103.8068585933006      
30          -9075.7155327255623      
36          -18859.256022894522      
36          -17799.188339274264      
26          -11308.947210050843      
19          -5194.1448193589767      
25          -8937.8406393408331      
19          -3296.6782315746568      
21          -7065.2002861004976      
20          -5059.6665270313588      
19          -3607.4279145832779      
18          -6585.5348374683153      
23          -7375.401959694118       
27          -9838.7962640931382      
34          -14277.455160300671      
30          -12828.245541288727      
24          -7218.7329502679495      
19          -7501.9266265013739      
27          -8045.1250062779036      
29          -7626.4917662759262      
23          -6904.2790637751959      
42          -21555.266311281666      
25          -10606.531262188595      
21          -5796.2889925168847      
23          -5478.766179265077       
34          -16512.583910519723      
23          -7403.2577050617347      
29          -10873.067139796383      
32          -12929.982802333179      
25          -9730.0787725786467      
30          -14477.454911444443      
27          -8558.5121548232582      
22          -6346.3140811348612      
21          -7197.1501485208382      
32          -14319.060812707276      
32          -11700.006573867709      
20          -6550.1166236269419      
24          -6043.112158203754       
34          -12401.459975280317      
46          -24507.663085993914      
47          -27835.849426684046      
43          -23335.716062286319      
42          -19361.454737182197      
35          -14717.692836164497      
45          -21502.127503773023      
42          -21153.821710994835      
48          -28456.267886616668      
53          -34169.190357016894      
38          -19658.030989925461      
60          -44060.428452941436      
60          -44635.594354645684      
46          -31783.62433823838       
47          -29361.638407177157      
49          -30674.056773734439      
56          -36296.934750451321      
56          -39782.65993240504       
58          -43319.563882899551      
55          -40390.665714797316      
59          -41790.905046407257      
64          -48783.867699003909      
64          -47908.119715045366      
68          -54412.738621791774      
62          -49754.921468475666      
60          -47729.899520992592      
77          -70839.432608405274      
80          -69560.088037112728      
77          -70279.948835741743      
76          -69279.592962184281      
72          -63286.687933140274      
74          -63672.089922236541      
72          -61726.446217045079      
75          -72819.414866496809      
81          -76105.886856486963      
83          -78009.235670387716      
75          -69580.152928993484      
83          -82176.842216863923      
79          -70776.648565274241      
78          -68132.518795440556      
82          -79446.219192721706      
89          -94380.761948727071      
95          -107872.3666629091       
88          -90001.71062714752       
89          -95109.102681765857      
85          -85806.13576930546       
84          -87043.143050747749      
89          -96518.146767609564      
98          -111175.92727560597      
97          -112442.29358554285      
83          -85170.715716853927      
85          -91543.809698353754      
88          -90278.69288799206       
89          -91240.041563697174      
94          -103870.07565712617      
97          -111683.06324668771      
103         -120959.52748024244      
94          -97891.898653456155      
92          -97090.464824515526      
84          -83934.449338716891      
86          -87134.293958134484      
96          -107693.60207457843      
106         -128011.8477505249       
102         -121039.08829176216      
106         -132059.61415140238      
103         -123130.15158631191      
98          -111789.83784153139      
92          -97486.597438876328      
93          -102852.98132758656      
93          -98089.233137820469      
89          -86010.038196033231      
89          -87343.956436206208      
91          -94643.999724209614      
87          -88276.508453831018      
95          -107608.43826328305      
96          -107807.32548949528      
96          -107368.86715580242      
97          -110071.64002632069      
93          -111241.71806264616      
95          -113061.65371515052      
106         -132381.11989067969      
98          -117021.59385991874      
87          -90439.480192877745      
97          -109869.30828965142      
102         -121289.60409438045      
97          -109950.48690842769      
97          -111939.77816145154      
92          -105892.57940082517      
89          -97005.749669299781      
95          -103957.67247426353      
92          -94688.846412698898      
87          -84843.668973027394      
80          -74096.328730024135      
77          -74136.527917689993      
71          -57980.323835865929      
69          -58198.458359912031      
61          -45447.080012911894      
72          -69629.456347642248      
78          -71163.40871290784       
82          -76961.740968588332      
78          -75298.175487273693      
85          -82303.474174490868      
81          -81486.771386801134      
84          -85121.502727855259      
78          -74124.381484450802      
76          -65859.428891390839      
65          -53345.928143891382      
62          -50236.554002282013      
61          -45667.386442463234      
66          -55013.800287641556      
46          -27939.038767850099      
36          -19048.106016310987      
43          -22162.385298502399      
37          -14622.412819560592      
34          -15258.215711467235      
32          -11787.62067173409       
26          -9627.9856592243577      
35          -17690.415890075452      
34          -14448.767051995188      
32          -11352.733630337858      
27          -7114.6554958932074      
22          -6038.1648451563142      
19          -4241.3809506474954      
18          -3528.4142752835451      
25          -5701.4107231773387      
21          -4155.92313021883        
15          -2916.0350324049095      
22          -4374.8577855142867      
13          -2118.9110598583061      
10          -1133.0471448537933      
17          -1985.2504385365849      
25          -5976.1703472852887      
25          -8523.603401472481       
21          -8504.308800686098       
24          -5575.5027333251519      
35          -13512.509851366764      
28          -12157.217434947244      
26          -7769.0803976907982      
29          -13499.636218096637      
37          -13670.578931974067      
31          -12011.147994531591      
42          -20998.178709053667      
34          -14941.069910452665      
10          -1500.7218812957299      
19          -5736.954914749318       
34          -13151.307827362589      
16          -4204.286073795869       
18          -2894.453669490274       
27          -8841.5472538171725      
28          -11792.269993823562      
27          -10853.171116985081      
30          -10819.407627022065      
33          -16013.273007331931      
35          -16594.05495563064       
36          -19397.519657642879      
44          -27136.420171583733      
46          -26226.008400404087      
41          -20875.412861152978      
31          -14555.686316729554      
24          -9282.6140019080594      
31          -15586.642843161904      
36          -15520.43470786654       
38          -18238.842923739114      
38          -16847.128706344556      
32          -15030.790584911319      
43          -23042.683326217171      
41          -19841.250300691758      
52          -32409.379582059984      
68          -55921.322196727102      
65          -56171.268574281574      
62          -47847.838194433971      
71          -58740.836110459699      
57          -38426.594620947224      
55          -35954.839005927752      
58          -38702.030332988725      
50          -26621.772448516553      
41          -22552.061192687092      
41          -27048.132012753991      
37          -23782.535898886163      
45          -26068.102366625051      
44          -24516.426893656004      
51          -35710.052870005209      
48          -34118.349465885447      
44          -29621.314594955973      
47          -28909.896205948382      
58          -36563.960281787389      
58          -40290.426233558232      
57          -44028.748313981545      
60          -48675.982442574925      
61          -46285.321853356392      
49          -30464.137456970759      
45          -26649.619166813445      
38          -19657.283695363582      
49          -29528.211636125357      
45          -22824.844051253192      
51          -31632.084842496082      
65          -51812.721023120052      
56          -40524.569310706764      
54          -37988.461465260792      
64          -53165.472094714758      
65          -45861.213120927052      
54          -34070.472568088575      
47          -27126.890175684824      
63          -45781.656912128645      
61          -48003.878604443024      
63          -50720.167766511033      
67          -50829.580306683703      
63          -48994.152944817637      
64          -52514.763716405403      
58          -40004.041950300983      
37          -19025.335646760988      
27          -8391.1684452506761      
34          -16572.575082803014      
44          -26002.011338845605      
39          -17481.057255147774      
45          -28940.148830463771      
51          -33363.215488184556      
53          -31260.356208708672      
47          -26236.567876562756      
39          -17554.920677723345      
34          -15603.368919075594      
38          -19537.457422305517      
28          -12953.453595765161      
20          -6225.1403981892117      
25          -7819.2454804603003      
24          -7484.4817659361897      
27          -10298.758166039179      
37          -21030.387765075473      
34          -19216.612667963753      
33          -18256.862453587448      
35          -17747.185716127311      
25          -9617.4895851457186      
26          -8690.1596745153493      
29          -8656.1199759603733      
22          -6502.2634535204916      
24          -8662.1165521019266      
18          -5156.514496268861       
30          -10900.004293546059      
39          -19495.957668838637      
42          -23600.594339439085      
42          -23499.168936593258      
45          -29278.005762494788      
56          -39182.016860734577      
67          -53650.943842991735      
55          -39376.835960038385      
48          -31455.894017538139      
54          -37278.990379267481      
65          -50598.483426849634      
70          -62109.973031747271      
69          -57576.862588627431      
77          -70880.65079740627       
80          -77042.099638364147      
78          -75455.465955315231      
76          -68777.024915843183      
68          -57843.589702211917      
70          -59283.478578777525      
58          -39903.499637825807      
64          -49163.989730994879      
63          -42588.90293932637       
60          -41552.667266827921      
58          -40305.805807882338      
64          -45318.205713169729      
55          -36578.605535088071      
62          -44855.863824070038      
50          -32645.469651108608      
46          -26432.164143861519      
44          -23747.151245201294      
42          -23832.151384372686      
48          -31988.638136735543      
61          -45752.410995142272      
57          -42863.248995089132      
61          -46972.103969459655      
67          -57378.832433966774      
64          -53938.873954996547      
70          -62972.818243144749      
65          -55507.82948787498       
58          -44287.778006747038      
60          -46099.41934442037       
65          -52768.053038880011      
67          -59591.975583116633      
79          -73736.30898358945       
83          -83612.272318420146      
75          -73085.249940521055      
79          -72959.350296968303      
85          -82383.553810814381      
73          -61534.228408499577      
81          -78479.542461616438      
67          -57898.218711976966      
74          -65422.99681938102       
74          -67132.568133284003      
75          -65274.752739016003      
86          -82476.308154905098      
65          -52280.705179175529      
56          -41779.652323332004      
55          -37723.217232041017      
47          -29940.145711547826      
56          -43923.568231887308      
57          -47184.454770453827      
46          -29284.717472647728      
45          -25572.615552449675      
41          -23207.975003000542      
35          -21614.57125272437       
44          -29713.543915966642      
40          -26748.364371525349      
34          -17353.933650841886      
22          -7123.5349223276608      
28          -9112.1533070292971      
36          -14696.734134853759      
36          -14844.579607938427      
22          -3807.9395804943611      
30          -9388.7216044852903      
27          -9381.7273889723838      
29          -10912.981609763863      
23          -8183.4340945655549      
26          -6290.963627963416       
24          -8235.0928127744955      
25          -6382.2676255701108      
19          -5113.9661150242455      
29          -11296.411055828548      
36          -19904.438523626017      
29          -11914.184800349862      
29          -13250.825433641714      
31          -12404.769330775132      
29          -12454.111319132213      
39          -18051.979106183095      
31          -13645.840513291911      
30          -10890.431168690227      
39          -20346.873984793765      
35          -16363.616166715356      
33          -15390.145136896168      
33          -16304.744256617483      
23          -9538.2903637630698      
29          -11344.354522093416      
24          -6471.1154666690172      
41          -19956.664940217939      
48          -23900.556994041006      
52          -32102.40055561436       
61          -47187.984891312575      
64          -47876.496349048975      
65          -48801.176012799369      
63          -53051.619014690674      
60          -46758.211104328453      
65          -51384.413887519906      
60          -44551.222241928408      
56          -45841.231793758423      
60          -41020.805316732192      
62          -45188.526926891129      
68          -49314.3902666754        
62          -44782.798592537976      
57          -45080.520068432197      
54          -38530.958441409937      
55          -37990.171156388285      
62          -49558.554523656334      
68          -56909.724940754328      
77          -71307.280347455002      
88          -89615.414588821062      
77          -72753.722204995473      
85          -88564.647125020318      
74          -70508.636879520607      
77          -74867.920296856581      
71          -62953.505424136791      
82          -82956.543300618112      
89          -93414.170122062016      
78          -74488.474795323578      
76          -72062.128208688518      
79          -76796.438386967755      
81          -77814.208760213631      
83          -83695.016211587164      
84          -83898.349677123653      
74          -68318.164822482606      
72          -67424.940055048704      
61          -51053.236745509792      
69          -61099.177189861068      
74          -68408.429120499655      
61          -48150.879133516879      
72          -66055.831904465711      
59          -48022.33640083413       
69          -60354.39152260188       
74          -68231.065785250161      
72          -64373.458750008052      
85          -81329.774537862788      
88          -92102.824612181939      
91          -91836.00172035936       
91          -92497.156721287756      
87          -86680.897722217371      
86          -88090.235332819459      
92          -102137.53754191706      
94          -106044.66657923524      
89          -96466.108812899052      
96          -106662.47791278279      
103         -118167.8595798304       
97          -107704.61558934611      
93          -99884.060811568896      
89          -93237.901346213868      
103         -127783.10795999027      
103         -127347.16954277334      
103         -128192.71394673706      
103         -123886.77670936688      
109         -137486.07029135045      
102         -124675.71119740719      
105         -129749.19780193151      
112         -147579.08945264795      
101         -119034.39274783355      
111         -142452.31023831107      
101         -118943.46371687436      
100         -118254.55599676709      
105         -132988.2518706024       
109         -140739.72255931198      
107         -134656.42103243613      
108         -131394.27382254577      
97          -108944.74611513504      
95          -105656.96879717687      
95          -104010.19961429757      
107         -132372.02656996751      
104         -125966.6019333085       
105         -125489.25667241222      
102         -123585.24511175595      
104         -124522.43568446656      
100         -113130.07806004133      
100         -116566.3677100036       
101         -115107.18267643321      
95          -105924.73138788747      
88          -90260.60679098597       
95          -102987.33095810207      
90          -97407.362412147224      
89          -94269.59745004549       
98          -108997.09439539608      
88          -88050.779593037238      
85          -81283.697075686461      
84          -80918.489608134958      
83          -80374.21719604019       
88          -91450.993560880757      
95          -97413.027764066501      
81          -79534.557024452792      
81          -82674.831707571968      
78          -73613.349913114784      
81          -74850.517670183443      
82          -83434.531455397402      
83          -83147.770214245451      
96          -107398.27884939208      
90          -95605.700534119678      
94          -103489.57976636078      
88          -92208.496488088917      
78          -75604.172694601526      
71          -66276.187137984656      
66          -58881.111573438044      
58          -48503.531424671703      
50          -35717.403927719861      
54          -37606.391634810461      
49          -31535.198401358779      
43          -25249.130786189173      
38          -15207.908694854781      
38          -19851.880062904198      
52          -27389.180874237587      
46          -23990.479454050546      
47          -30665.092941513511      
46          -25669.728077260115      
46          -27977.734542687249      
47          -26569.191280769057      
51          -33784.427348908313      
44          -21204.674142361851      
50          -23311.70405268882       
60          -47342.859596688832      
61          -45565.907588722213      
64          -48518.017634452604      
56          -38065.988148426957      
66          -51346.247246311468      
75          -67852.389490076966      
70          -57110.651245235727      
64          -48672.318952921152      
55          -33709.20791674732       
62          -45067.244239788626      
66          -51527.664482886074      
56          -38855.837701079014      
40          -19979.593565405066      
43          -23007.180601541513      
40          -20196.011448506466      
35          -19585.23464818739       
30          -12421.357210613707      
30          -11771.03343008107       
34          -17524.120080264955      
36          -14599.125471902342      
35          -17388.518360062397      
41          -19908.173329961981      
44          -27117.102758892845      
64          -46075.512986422938      
63          -48737.556146001385      
67          -57941.630372235311      
62          -46633.499622423209      
71          -66131.412196074598      
64          -53296.240287629022      
63          -50049.392946182685      
66          -57929.474168160647      
66          -58018.854327722234      
66          -52337.38619195926       
59          -41986.208963024241      
37          -15576.334825750258      
37          -14275.762740951594      
35          -15361.254445616069      
37          -16497.652130117371      
29          -15755.873185031222      
50          -32362.140965842689      
51          -29411.309677878966      
48          -28640.244060934416      
50          -30495.540492939617      
56          -38174.915822191768      
55          -37789.22936562328       
67          -55251.938474463917      
72          -59702.941129697487      
79          -71264.50637790389       
79          -73165.868333276463      
76          -68573.476222066805      
76          -60707.245590722661      
77          -69555.107517576034      
66          -54289.604898662277      
67          -56790.376351169049      
55          -43018.129868256059      
69          -60297.291844110412      
75          -71033.268064933407      
72          -69437.983260885565      
64          -54708.686116807468      
62          -54949.492198606575      
69          -57602.421921015099      
69          -54855.87022297072       
50          -33384.702950150793      
51          -31946.283134300513      
54          -36542.550306320663      
44          -22855.857076548098      
41          -21809.714341370032      
58          -37891.077528459158      
59          -39045.769708765511      
56          -36176.929062449133      
58          -41011.88720480592       
58          -40471.232973187529      
70          -62294.712930598536      
71          -63540.634394763438      
78          -68112.822679049365      
77          -68711.518218851532      
65          -49123.696230210968      
57          -40241.083143623226      
64          -50396.296633902421      
62          -46194.686145578075      
52          -31294.466220733426      
57          -40455.602469810816      
63          -45534.933642461954      
69          -56030.47252117905       
62          -46737.276160715628      
55          -37974.933432888291      
60          -38138.243275311099      
50          -30220.754461568355      
57          -38085.935593933034      
48          -25288.818764303753      
39          -19078.243880159745      
33          -15484.89020953919       
39          -21627.148401482391      
39          -19327.117336645038      
27          -11063.618666903207      
27          -8589.2489667259706      
27          -7391.6938880419812      
42          -24287.24705896838       
47          -29118.787093668521      
43          -20821.198167690043      
30          -12139.71000675337       
31          -10847.405064395378      
28          -11092.747488514913      
35          -17312.560419661775      
51          -34614.657492732986      
56          -37892.777513926048      
62          -47004.439626736086      
61          -46226.918867316272      
52          -37120.323892243236      
50          -36390.054330897838      
59          -43344.330565239383      
64          -47917.027233963709      
51          -32936.248891278039      
53          -32840.972705617598      
46          -25466.24828182565       
35          -13925.160142246776      
39          -17613.288801200419      
40          -19228.750151183725      
40          -21569.582304892163      
51          -28948.478654647228      
36          -13128.316036614695      
22          -5554.694450957797       
16          -2246.2250706306932      
25          -5817.8230340611844      
24          -5874.2198245957861      
31          -14105.336817684993      
20          -6137.0580928936106      
18          -4298.0136280699617      
22          -5027.3181570336346      
13          -2564.9198829710353      
12          -1823.2136339576844      
12          -1855.5378049446599      
21          -3893.1767022605654      
38          -16737.45986122037       
35          -14014.528876883898      
33          -15667.659579677234      
42          -23114.900117613495      
35          -15061.290349921488      
33          -17253.077320895445      
29          -10194.771855928821      
28          -11347.828043580126      
37          -16730.889285028854      
31          -12814.95605778822       
25          -7302.2752674712019      
36          -17274.825295491501      
44          -27881.492847755628      
48          -26185.0110880961        
50          -31420.865193012687      
47          -25120.154502645793      
41          -20934.980248855172      
45          -25545.501926464272      
43          -23198.228786695738      
24          -6606.0141569530397      
23          -8365.8476318841549      
11          -1549.2654554716696      
18          -5934.881241905774       
27          -10963.779277524529      
24          -7297.6003135025112      
26          -8262.4446919683614      
15          -2386.2280330172916      
18          -4632.740644404098       
22          -6547.9794193074358      
21          -4340.138511338886       
17          -3611.1799204897325      
21          -6555.3415667428108      
21          -5860.8191216017312      
39          -21116.247406260165      
45          -23329.771956361663      
46          -23325.238716959422      
47          -28935.740510665732      
38          -22982.186497440751      
24          -10510.998247266816      
30          -11990.470883689706      
32          -13006.463155272635      
26          -7453.5941778255474      
26          -7878.749171536756       
30          -12994.575805405149      
29          -12192.932699398101      
43          -24722.115799837116      
43          -23214.800649292949      
39          -20471.226259254487      
45          -27884.706337746185      
40          -22960.667917420822      
49          -27788.06177481496       
37          -17212.237447146086      
30          -11381.588795747743      
32          -13086.879187564429      
23          -7183.4065192174276      
27          -8688.3696796268505      
47          -27987.634371388609      
35          -14500.135985498091      
20          -7636.1990499903359      
26          -11855.475204277576      
18          -5229.1411795529175      
32          -9982.2354946760443      
38          -20460.57433531083       
53          -31932.319842269659      
38          -15305.501255566136      
26          -6600.3474170948411      
20          -5512.8375635492466      
24          -6335.4316941310799      
28          -8040.6784468148335      
23          -5864.3163231350618      
22          -4982.6725167245813      
25          -7069.3258536701642      
29          -10599.767419718153      
28          -11357.643483359225      
35          -17645.182441040623      
28          -12486.673288723909      
27          -13692.768783453079      
37          -17122.254647839149      
44          -23036.241710596179      
37          -17519.192090716322      
43          -20593.056904162779      
47          -31494.971215000405      
46          -28671.46487443247       
52          -32971.225336610703      
45          -27150.321883932891      
42          -23036.419863081395      
40          -24998.901407354875      
38          -18634.852601737355      
45          -27124.867293671763      
42          -21589.670931049452      
46          -24458.807056873611      
54          -34730.105814927352      
48          -26422.417079397692      
45          -20793.161759314738      
49          -31405.451584867958      
64          -50066.970426833628      
59          -44052.375972017675      
61          -40996.038184873505      
48          -27579.134063524572      
48          -24797.997913540265      
33          -12659.423442816003      
19          -4067.2329569615172      
23          -6203.3995973029978      
25          -8019.8209651676525      
33          -14114.529730916034      
36          -14492.003715418528      
32          -12109.399474612739      
26          -8532.7595553133706      
32          -13264.681715443177      
34          -14886.205633983338      
32          -14627.257860541837      
28          -10434.474431178207      
31          -11967.568832525745      
25          -9113.6838001745182      
24          -7841.3275205689715      
33          -10632.965546396341      
23          -5825.3846428135639      
21          -5670.3048656286865      
28          -6557.2888720008687      
33          -11726.624425578593      
34          -12330.340711893194      
28          -9699.7821527903834      
25          -7891.6170595490967      
25          -9181.9147218035105      
30          -10609.518845642693      
22          -7883.6575278768196      
39          -18709.298705316804      
41          -24728.901612698955      
43          -23514.908246283048      
37          -14662.181663198289      
46          -25344.955925739341      
41          -25542.842481779055      
35          -17250.17251919648       
46          -27336.058339435171      
39          -24312.474197299918      
34          -17926.765745801455      
36          -17105.451520995135      
46          -24930.646528754409      
43          -26435.482607300528      
44          -25410.727268767081      
44          -24738.579873008191      
35          -15551.163938754076      
36          -17799.992999044745      
31          -15595.060749515596      
23          -8130.0954805711408      
24          -5889.4992408366561      
14          -2362.4948052487466      
15          -3271.9812983376351      
29          -11604.217636003956      
26          -7275.4140650323443      
16          -2792.9663643406589      
21          -3599.505977674648       
31          -13813.815593355255      
34          -13978.701830222893      
30          -11577.565791583987      
17          -2570.2698772821382      
17          -2255.54798772202        
31          -11411.357187798039      
29          -13669.143047333442      
31          -11699.828257458219      
32          -11131.777004118883      
38          -15447.354386817089      
47          -26181.180589632935      
31          -14844.740153987284      
39          -17139.942679009499      
42          -22711.378625944981      
37          -16282.11796297201       
20          -6077.3510969219069      
22          -8072.4261101307247      
24          -7436.6533349039346      
17          -4248.8500249644749      
19          -4447.4286631757332      
19          -3508.4316422694528      
27          -7806.9805007989853      
19          -4332.2382344403859      
15          -3563.3006499568742      
20          -5746.7778245992413      
31          -12614.864029938726      
26          -7908.2009320233774      
30          -10618.576292455         
25          -5980.5561391685469      
25          -6648.1705875880161      
37          -17672.762760714191      
25          -9863.3524135192274      
42          -22803.932638837301      
46          -21538.878095269858      
36          -16756.380497735438      
40          -17148.038508810645      
37          -14864.939054382789      
42          -21186.127544414634      
30          -9884.9321767153851      
31          -11644.706146594717      
41          -17811.226387251878      
35          -13260.953677236414      
25          -8095.4493601387476      
23          -5766.5812584620398      
35          -15059.986657871839      
39          -16838.11956136888       
33          -16849.565237731742      
26          -10870.870539399664      
25          -7334.9986544435742      
31          -11963.2108526259        
21          -5014.4311937718721      
28          -10541.558528473823      
38          -22147.418679093618      
42          -24285.635781910307      
43          -22608.753547583769      
49          -32715.115212141172      
64          -48260.865133680687      
61          -45309.90900883593       
68          -55481.657564716057      
79          -74835.821613741922      
87          -87853.251079436435      
93          -99663.563704150467      
90          -95840.081934266971      
91          -98043.143122387235      
98          -109668.77441741049      
104         -125928.54955530222      
96          -106622.4708666199       
93          -103177.95920593802      
93          -102418.50027535841      
87          -93255.818527486423      
95          -109024.6523976567       
93          -101132.0258092788       
93          -101159.6070681578       
99          -109492.01194263842      
94          -100274.38927511325      
91          -97270.720094137447      
93          -98220.248491882623      
86          -85199.565282430776      
94          -102015.4535222407       
87          -93011.14698531742       
87          -90805.605846707331      
83          -81168.595814280285      
75          -66428.72741195171       
79          -72725.50588810895       
85          -79627.064072437977      
88          -90641.736880813842      
89          -91817.842647684884      
85          -85062.898828847159      
83          -86612.172018115933      
80          -82003.172534556914      
80          -76124.074222560768      
83          -84892.884231126387      
81          -78114.331689407321      
84          -85239.333635156567      
83          -82458.584681052482      
90          -98973.07119835967       
80          -77786.450431167512      
95          -104579.67947469187      
86          -87945.297449397724      
85          -89837.416944387718      
80          -81546.233351576797      
82          -84357.686214726054      
83          -85852.856266578456      
81          -81158.087923760395      
71          -66573.139543653466      
75          -69766.690502630256      
65          -54262.68393455055       
79          -72408.402239912815      
81          -79048.867265937428      
78          -75009.423430541516      
79          -77241.013654227616      
91          -99030.735368756403      
79          -79376.398742490113      
89          -98123.14559007615       
81          -83084.941878485202      
81          -81551.749131114775      
92          -96143.423847002065      
90          -90322.40692101256       
95          -105661.90201363219      
95          -102817.73130991354      
93          -99822.165402081417      
102         -121050.3179625334       
104         -124307.08321806967      
98          -109646.90619064432      
99          -112379.24880648969      
92          -96982.104416430375      
89          -92213.822765910591      
74          -71505.524781554515      
79          -75765.839004493086      
86          -89569.089051934192      
91          -99987.025615709412      
87          -97166.75430629609       
83          -89405.928961958256      
93          -107926.0362660315       
104         -131226.99934768994      
99          -118923.45691777978      
103         -126045.86369580489      
102         -123474.65953038253      
98          -115282.48639978433      
87          -88999.632992869709      
89          -94412.233643124884      
89          -98442.46086737563       
90          -100624.54248595164      
82          -82076.864123470543      
88          -94807.337994230693      
92          -100457.51182122441      
93          -98831.832120359904      
86          -91314.224066966504      
84          -87001.85389036077       
79          -75029.657089951885      
81          -80794.564654931106      
85          -94078.951021462941      
88          -100388.13218684209      
83          -85094.847214943904      
96          -106104.72645599935      
91          -94364.114238335373      
79          -75792.95431407576       
80          -80640.597130410722      
92          -97926.875724993472      
94          -103885.49358641858      
99          -114854.00534766432      
105         -131314.68465150279      
104         -128396.72539341824      
99          -113763.22686397179      
98          -114949.58309320635      
89          -98832.974688058326      
84          -85698.388345852189      
81          -78852.647588444524      
69          -61571.071562866047      
68          -61156.703009973091      
74          -69314.264193353651      
81          -79467.354683771831      
74          -65184.108831967373      
82          -78505.487709946276      
78          -71703.13213584086       
70          -61682.368997616359      
82          -82680.544396450729      
92          -101664.07851079022      
95          -109347.57554203857      
91          -98211.965451858283      
89          -92263.219040993659      
85          -88015.758530123509      
83          -83380.154797965675      
90          -92499.933602048186      
93          -106979.95686353747      
94          -106062.94167453832      
90          -99199.987589598837      
93          -108224.51931989461      
98          -115015.31778892061      
86          -90882.88918796739       
88          -94783.948678229906      
94          -107059.20979439453      
92          -102973.31717458177      
90          -96198.021956896089      
87          -90367.300750215582      
85          -86488.286103897233      
101         -116426.86071746045      
101         -120253.47985709998      
98          -110545.94472441458      
93          -102934.01730036298      
92          -101153.71220767543      
85          -87049.502773173968      
87          -88240.837200572423      
86          -85367.310753561906      
89          -92485.485826056596      
91          -95968.357795181437      
76          -72651.300665027913      
80          -80157.665829393518      
77          -72650.693349938345      
81          -78017.322467552411      
70          -59844.639714350327      
63          -47548.049522847781      
63          -46718.501640313953      
63          -50541.744132227432      
71          -58513.321568008301      
67          -57209.959592430227      
64          -53253.030709077335      
53          -36370.409425616883      
65          -50581.560741888323      
66          -51989.053853395904      
75          -67273.939713564745      
83          -81915.230895885121      
87          -88940.423574000044      
89          -97668.418383537733      
92          -96630.297039773403      
101         -116928.38520780652      
99          -116987.25953349925      
99          -113614.72902805802      
103         -122508.81540850418      
101         -118297.34951415604      
92          -101422.85790640723      
97          -110686.7882265669       
98          -115059.5504784275       
90          -101190.1642173882       
92          -102972.08347384991      
91          -101685.42650542878      
92          -100322.769247604        
101         -116197.04345417235      
88          -93551.226980400344      
93          -103342.98696630403      
97          -106928.05145994636      
96          -105754.10044745301      
79          -78325.474619895904      
83          -82614.479523676273      
69          -53812.844930524581      
75          -67349.383893698279      
84          -83321.342500449871      
79          -73819.018834548391      
84          -87157.957932960897      
74          -68942.809407826018      
75          -65428.932340618019      
64          -50581.524291445377      
56          -44199.958654292379      
53          -40517.775780180629      
67          -54232.345405964559      
58          -43076.923673981153      
68          -59881.318032119081      
60          -52800.58879129478       
59          -51034.310366145248      
64          -56764.8534403058        
62          -55086.110046451591      
71          -62300.70824548485       
67          -57018.934840917085      
65          -53924.80867184099       
68          -54686.741075615828      
65          -52266.003040626885      
72          -61540.183840490732      
61          -42259.677189986469      
66          -50214.664193130237      
67          -48422.319264300961      
81          -72499.18456763326       
97          -106141.7455291379       
97          -112153.43508996823      
99          -110100.55305365084      
104         -124798.59249292617      
107         -132395.11705330494      
105         -125892.01486922111      
107         -130744.3723455611       
112         -143641.48059426999      
109         -138528.3025587853       
113         -150458.11742827808      
113         -143394.88722436182      
107         -135680.86510910906      
105         -130070.06791736354      
100         -119848.3227476414       
106         -134517.22040981488      
85          -88597.435426404089      
71          -61707.037686945398      
85          -85007.362722201477      
85          -86386.775257957313      
85          -90097.988616267699      
84          -84275.606433610577      
89          -96262.569748901486      
98          -113366.04104297764      
