150 1 -968 25 25 25
157         -50117.903772132478      
168         -55896.465461049949      
162         -53385.96843803209       
162         -53207.159905128618      
164         -53238.141776104334      
159         -50036.176600965766      
171         -59566.323222569146      
173         -60564.60885823553       
176         -62198.866889634439      
190         -72322.822102042395      
196         -74860.779443135936      
198         -74092.627837282897      
201         -77625.493645454364      
204         -80235.864032062324      
200         -78745.80964856036       
183         -67181.232978329877      
168         -58188.061369136842      
169         -59517.143427643081      
182         -68597.78700686738       
187         -71778.32142368186       
179         -65267.443733350978      
171         -59922.967990152662      
175         -61444.540564142138      
181         -68557.150504977617      
184         -69292.949003624206      
184         -69137.793303082668      
183         -67213.003329827174      
185         -68896.680447048027      
198         -78135.456602836537      
196         -77333.14738643411       
208         -86570.565448415087      
211         -89240.967362289026      
209         -87530.739536219349      
201         -79840.87453855708       
208         -82877.046459229095      
215         -90896.296023296833      
216         -91636.493709112154      
211         -87020.187917869858      
219         -94325.486668733647      
222         -97783.926833845428      
221         -97182.53826729607       
219         -95266.138135585497      
218         -96345.145293962574      
222         -99729.143856352763      
218         -94857.006060522312      
215         -93324.738672444728      
222         -98107.798874058964      
215         -93170.146850524412      
214         -91703.901904132232      
218         -94339.616163674684      
214         -92194.566063905906      
207         -84444.798889853162      
192         -76633.49049719426       
192         -75304.670523046283      
182         -67561.395975989988      
178         -64687.953884061106      
184         -69363.783442761938      
183         -69400.303923118423      
186         -70652.415419668163      
188         -74104.929233299772      
210         -86523.427090990808      
204         -81928.000139202413      
206         -84057.723304871266      
205         -83984.158854653127      
206         -85638.451569409735      
202         -82399.29167692372       
199         -81543.663293789126      
201         -81699.81822997173       
203         -83539.040399998557      
192         -77428.063627689116      
194         -77943.072962958744      
212         -89384.147482836663      
218         -94873.962856536979      
213         -88750.10016338437       
205         -84137.747837461793      
211         -88807.318947273845      
211         -87832.371030522161      
217         -91841.957335076033      
207         -83502.966561209774      
205         -81815.31195364437       
203         -80007.209611348007      
194         -74963.598420303155      
195         -76988.0498340872        
195         -75360.453770913038      
196         -76774.294766919498      
195         -74781.301285538502      
203         -80813.6041617921        
204         -82258.144685279098      
202         -80252.814439134701      
203         -81066.867434030748      
201         -76095.411589142648      
197         -75238.117661659126      
194         -71439.938597733228      
180         -63060.260188916604      
189         -67903.364628107083      
190         -69807.068224467148      
183         -65407.544468724722      
169         -58273.89922254956       
155         -49340.163303522699      
161         -52876.23235157918       
166         -54270.17269422549       
180         -64197.456602965169      
179         -63792.592645201345      
186         -69431.122825207043      
191         -72961.816404483805      
180         -65489.948265702413      
181         -65273.364457820091      
190         -70973.305991892455      
188         -70355.369002115782      
164         -54420.481515411106      
159         -52084.506464356011      
170         -60251.670765069626      
178         -61994.798849217026      
173         -58714.730568172963      
179         -63659.945036773366      
180         -65624.59350855097       
188         -71241.103129824987      
194         -75510.790378844031      
180         -66690.595817480018      
193         -75067.713151783129      
185         -69569.733375355194      
195         -76392.718568658602      
203         -81519.04704721304       
195         -75405.207814869646      
200         -78308.793945208963      
187         -68494.822751479296      
188         -69216.988117161105      
179         -62501.253181025248      
185         -68126.202328397354      
185         -68163.171258547271      
190         -72143.359405417839      
183         -69056.891206269109      
184         -69173.804580899887      
162         -55993.507001166501      
167         -57893.623469406499      
159         -51080.436013207865      
160         -52405.356479963484      
158         -50511.63669035233       
160         -52769.208938455813      
164         -53270.355820533623      
177         -60974.313593185143      
171         -58455.094200170861      
166         -55173.575184952708      
176         -62242.342869696011      
172         -59514.272736467676      
170         -59305.727798535663      
175         -61745.272446236355      
164         -54116.20214204026       
151         -47463.972577638713      
148         -43038.748258427782      
140         -39140.591535434134      
154         -46794.829440137582      
135         -37045.509479762171      
141         -42515.17229601006       
134         -39167.397078312832      
124         -33222.300023550728      
99          -19999.748959784265      
109         -25266.414329491585      
114         -27038.434337241135      
93          -17861.927483872663      
86          -15527.127287337129      
94          -18325.827864641109      
95          -18452.139613313189      
97          -21253.241662710072      
89          -16674.10677069148       
63          -9356.5232737963288      
61          -7653.4193219759118      
61          -7760.6465822237042      
34          -2619.0529383493081      
34          -2620.4120381765483      
43          -4128.9407916168702      
54          -6667.1338716353466      
53          -6368.8758914289347      
52          -5606.1707145209921      
38          -2677.8982836893447      
38          -3084.2810578821327      
38          -2664.2673445046362      
57          -7400.8841572834845      
51          -5845.472685294716       
47          -3928.2878804253164      
56          -6544.4382379144863      
58          -7621.2461371528243      
52          -6630.7157102862229      
49          -5021.082857990179       
51          -6457.4413614822361      
53          -5813.016347460306       
52          -5750.5597685906105      
50          -5580.921871433542       
63          -8062.8321837986814      
40          -3486.4855268996794      
50          -5342.5163604816107      
37          -3192.1961813967309      
44          -4809.8789650061553      
65          -9151.3652435058721      
73          -11354.763739640255      
71          -11210.659362001326      
73          -12058.815560409887      
60          -8307.4857140290078      
46          -5607.8261514285596      
43          -4059.2634184073713      
31          -1909.6180163000861      
36          -2715.2707872541873      
45          -5016.9705242778728      
56          -6655.7066604858619      
59          -9386.8136125838464      
56          -6326.9786004131865      
49          -5930.7619216695321      
66          -9198.5087356288659      
69          -10243.818062848715      
82          -13881.140374692503      
75          -13320.153548544436      
76          -13127.377625601717      
70          -12351.656508785589      
76          -14208.239359497056      
64          -9905.8631437703061      
65          -8214.5280868469763      
68          -10013.643409206594      
56          -6889.8622144794081      
67          -10180.155059146022      
68          -10704.961810106412      
71          -10893.44763598252       
69          -10929.226015756693      
66          -10924.380943948265      
60          -9282.7395249062265      
47          -5047.6563175416941      
43          -4726.6341809141431      
50          -5323.5687683664191      
55          -7028.5539526236616      
44          -4479.0474420425953      
38          -3517.2572573640114      
45          -4714.8049489723126      
52          -5423.0679927329384      
60          -7825.3489101310915      
49          -5565.9038326849304      
83          -14825.696957477701      
86          -15210.748387667685      
80          -14129.278073006248      
91          -17924.277834833025      
84          -14961.423899719115      
81          -13281.784343667356      
67          -9337.2166227913513      
50          -4176.9349775993405      
41          -3874.3460613977118      
62          -7855.0771874600523      
58          -6683.8235256135986      
42          -3493.449954418691       
30          -2353.8200545404825      
42          -3600.6667202602348      
52          -5177.4897433287369      
40          -3664.3841802464499      
56          -6983.5399772277615      
56          -6699.8801128554505      
66          -11045.026846985616      
61          -7779.319673857718       
80          -13548.689626893569      
95          -19697.898335617305      
91          -17470.05309355132       
92          -18033.969940583745      
102         -20994.321998369502      
98          -19452.424166714551      
108         -24737.566010485723      
116         -29815.141314704251      
120         -32949.005856090022      
99          -21095.890338487567      
93          -16305.883429727561      
92          -17392.840307333499      
92          -17912.948350838455      
86          -17036.243209592019      
90          -20485.526793741174      
88          -20396.558505174646      
87          -18730.883817391477      
92          -19879.388292071788      
91          -19628.26239421187       
98          -21173.198373614159      
95          -20792.911012937369      
83          -15969.399631121918      
52          -6948.3546733218545      
60          -7929.8503426907782      
51          -6056.9918243753891      
66          -8838.2442067858501      
63          -8936.8350129675         
69          -10398.000723314417      
75          -11500.78175265814       
70          -10506.021168434097      
74          -10796.895886937629      
39          -3710.7487754969366      
61          -8311.2830376105339      
77          -13148.053529920098      
57          -7441.5196657529286      
49          -5659.6197205887811      
67          -10016.070034610399      
72          -13164.407270818971      
77          -13768.430896290169      
80          -14505.209870640991      
95          -19008.206620423669      
126         -32246.3647656473        
123         -32718.763848039489      
115         -30365.125085018095      
122         -31621.449085338838      
120         -31231.032538795345      
128         -37154.437551034469      
116         -28493.51252769888       
111         -26158.592047987204      
119         -30260.402829915387      
118         -29873.902005203094      
122         -31201.027195579369      
117         -28342.16608814619       
132         -35714.619179386667      
136         -36506.040403153165      
130         -32147.361559854671      
125         -30179.747172520125      
107         -24185.385568240719      
102         -23612.608886325084      
109         -26028.78582259802       
88          -18765.834732860003      
87          -17478.505280932186      
96          -21121.332950011809      
91          -17530.770815151314      
95          -18566.16994169254       
96          -18631.552852410794      
92          -18885.811943774566      
92          -19010.785246860298      
75          -11651.740586782547      
65          -9749.0195301342064      
56          -7158.8289719165523      
76          -11962.397792552174      
73          -10287.50474871318       
75          -11013.174973957615      
87          -15446.132018728866      
93          -17807.69131233545       
104         -22749.064835957517      
115         -27710.491943983547      
106         -24506.969383700776      
93          -19868.071462493495      
102         -23789.162946149198      
83          -15212.79443482715       
81          -12915.247127510112      
76          -10982.319277028075      
74          -12141.710981143367      
56          -7513.9591681212269      
69          -10760.522503805905      
68          -9934.775411350467       
58          -6830.0348556364779      
50          -5947.101908701612       
54          -7037.8359818367508      
49          -5744.3452350281332      
46          -4333.2881436082916      
50          -4756.5619608466786      
61          -7857.740027031793       
54          -6322.2699643086607      
64          -7935.0059908805606      
51          -5965.6630888979862      
46          -4396.6483476317435      
51          -6235.2112450339855      
49          -5594.2262981604244      
65          -8576.8649813405609      
61          -8331.9888021110928      
64          -9593.6009621792618      
53          -6679.0854247539164      
51          -5398.3465447646722      
50          -4633.9229413618705      
63          -9570.9051564621368      
59          -8121.0948270515537      
43          -3838.3016887086551      
46          -4737.6779503375828      
52          -5218.9083716042533      
63          -8442.2579866015458      
59          -5632.0570323891652      
41          -3769.2395309092017      
44          -4878.7827936491094      
53          -6371.0985908426983      
62          -9498.0274262581115      
77          -11843.737757282459      
70          -9538.6795765896168      
68          -11299.588107436584      
61          -8606.1633202047997      
45          -3970.9041502858531      
49          -6439.4201126431444      
48          -5839.3275340872387      
48          -4240.4490668773042      
46          -4827.3805522123703      
57          -8492.1954574140145      
50          -5840.6599092152092      
57          -7119.6394522638302      
62          -7697.2104930506466      
69          -9504.3871783298509      
70          -9541.005821472314       
62          -10184.614953994447      
61          -7811.607188139461       
82          -15064.407114135367      
80          -14413.131348415123      
87          -17511.172288487822      
86          -17047.028407175716      
98          -21169.997404815178      
97          -20152.208915130373      
111         -25747.002271753594      
108         -25388.661578124917      
100         -20793.254840986399      
101         -20997.458033442683      
100         -21805.043196536113      
88          -16414.466532209175      
73          -12141.726840094065      
61          -8271.2799710747204      
47          -5837.0018066261973      
47          -5451.2698146984967      
51          -5098.4632718539387      
46          -4808.9517895745648      
52          -5438.5360101314163      
44          -4335.863821980045       
38          -3227.7333654190284      
40          -2931.6415655552073      
57          -7713.6882139297013      
57          -6680.0594977344472      
61          -8854.3212405107934      
48          -6515.8351548371165      
64          -7936.6309162994748      
51          -6858.7668685945018      
49          -6464.8708020503436      
48          -4827.7949693758419      
65          -11213.492300212771      
73          -12888.667981202268      
68          -10051.460226261484      
61          -7395.8548212988535      
48          -5377.8994836041957      
58          -6114.4396563408418      
54          -6218.8419383781538      
60          -6966.5594966636627      
75          -12123.487302390877      
75          -12170.784318676111      
73          -12002.787992992575      
76          -12589.88052703756       
65          -11020.374200779728      
73          -11820.317857200882      
68          -10427.075483945482      
81          -13489.697321053554      
73          -11808.948993235104      
64          -9975.6208020820523      
67          -9710.2892870099586      
45          -4670.8210437367816      
59          -7570.4252111592841      
65          -6827.9639323516412      
60          -7636.8144894819716      
74          -12466.516185098577      
85          -17049.07636726577       
91          -17830.790201526128      
75          -12685.825108527146      
76          -11633.347213491204      
54          -6267.815405336898       
41          -4156.4028191246171      
37          -2546.1513777841869      
53          -6773.8930413792195      
64          -9456.3815476480959      
69          -11720.588529831362      
48          -5357.1993894701463      
63          -9322.6522900034579      
56          -6741.272177001686       
48          -6553.6146900797885      
43          -4950.577840949155       
41          -3159.0728436690238      
49          -6842.5360046042551      
68          -11133.898458272466      
68          -11416.10490579263       
75          -12815.005920100119      
75          -13397.578985683889      
84          -15086.858342416155      
81          -14499.157434623992      
85          -15516.194362435594      
91          -19158.205153552681      
90          -18968.608266390831      
93          -19168.704658472023      
88          -17736.686590250159      
83          -17966.417513883946      
91          -20095.253793933563      
90          -19313.485021408778      
75          -12256.204053683912      
78          -12637.257060986098      
90          -15981.742735473699      
89          -15083.621245898925      
72          -11335.588504892014      
69          -9707.5098134517866      
60          -7980.1229325316772      
58          -6500.8070773997943      
63          -8439.9841947326295      
60          -7583.849944300061       
63          -10341.187910657029      
80          -13673.633816487571      
97          -20432.82094458499       
108         -25696.8419739649        
78          -13168.890134071224      
81          -15231.051531611238      
77          -13159.326413512754      
84          -13946.899260759439      
89          -17589.979670743494      
87          -18351.757654993125      
100         -22006.795898738066      
111         -28088.591232468258      
99          -21543.419032064736      
94          -18279.2847814571        
102         -20936.649866734344      
101         -20677.051908377205      
103         -21275.852932582457      
118         -27357.718280790887      
112         -27329.79330455212       
116         -30524.791708439709      
100         -22722.219965924462      
97          -21049.559119158701      
91          -20082.989839888647      
85          -17033.026342669884      
66          -9871.4580896204443      
70          -9573.6740830221861      
57          -6976.9073224204631      
53          -6824.9381384454946      
45          -5463.5345263586223      
46          -5628.9563671281867      
58          -7074.8058039814759      
45          -4067.1042951084437      
44          -4071.1175505760634      
34          -2870.9569314088881      
40          -3950.0806732824481      
41          -3847.0319494948503      
44          -5499.9218072089861      
54          -5429.7897095114113      
68          -9748.8866963631153      
58          -7692.4375805135551      
55          -6629.1809063353194      
49          -6121.9003251004369      
72          -10750.02077348099       
60          -8655.6514216889009      
61          -7775.4040256648632      
51          -6209.1589701593703      
46          -5701.1275105330851      
44          -4045.2457094872425      
40          -4759.9766101216865      
53          -5632.6490275944634      
46          -4471.8174458109725      
51          -5667.0497237733052      
65          -10032.518232698018      
65          -8055.813587649739       
66          -9163.5823014595662      
76          -12141.75209522745       
92          -18756.27718786004       
89          -16783.529379324995      
75          -11580.329972628027      
61          -8165.5619305283417      
44          -4637.2159065905944      
62          -9377.9417386732312      
76          -11500.91071154991       
89          -16083.455355436778      
91          -17672.937816771908      
84          -15648.748512910959      
77          -12477.465758567665      
79          -13206.88819771879       
83          -13935.4194214418        
68          -11367.788383767334      
76          -13180.473110268034      
76          -13011.804564046979      
58          -7866.6890037612238      
60          -8354.8752628468756      
52          -5975.1220548979509      
65          -9471.3364128999983      
55          -6475.6472489991938      
45          -4021.9575799842369      
40          -3489.8407774007705      
52          -5627.2935904982032      
40          -3279.0466927838925      
39          -3037.258795638837       
28          -1986.9300525164933      
42          -3332.4067780879755      
38          -3625.2116798315296      
43          -4084.0417139873884      
47          -4850.7757226401382      
50          -5865.7585944105667      
45          -5087.7322523341263      
38          -2849.1858187896569      
51          -5587.5004558473975      
60          -7872.0664448235129      
42          -3092.1782893957147      
40          -3039.7740920518245      
35          -3029.9912459947946      
54          -5996.9738926555474      
50          -5574.3508057307054      
43          -3105.7369956117864      
45          -3720.7775341864835      
53          -5753.9791206875443      
48          -4289.0350488926006      
49          -5933.1888343645578      
55          -6637.3352766000262      
53          -6104.2844406888398      
64          -9996.7468366650119      
60          -9146.0451313526919      
63          -7880.7288979997411      
65          -8716.9388629273544      
65          -9224.3249416213675      
65          -9965.4979223275805      
62          -7753.5675183328967      
67          -10172.884124999911      
86          -15902.141365335239      
98          -19368.761377103772      
109         -23199.786878973253      
92          -19556.211804936243      
92          -18441.625187808568      
96          -20220.473008312998      
87          -17972.922585732624      
81          -16025.183613545098      
80          -14580.888463795123      
81          -13570.543216624643      
77          -12760.810396554712      
88          -15340.04172933571       
84          -15646.147403215335      
87          -17677.150962074033      
98          -19576.999186394682      
73          -11822.952937153208      
86          -18559.981359547543      
69          -12565.829042142337      
76          -11319.209370722512      
75          -12183.440314156394      
70          -10075.400279143836      
74          -11021.109899033445      
68          -9642.8325297621159      
96          -18289.020897190887      
100         -19959.50826552853       
100         -20020.506242009855      
96          -18957.685444425133      
81          -14154.144142346076      
86          -17857.034210810536      
103         -23674.059465687897      
108         -26151.454097569196      
107         -26970.500906715763      
116         -30376.493396161321      
117         -30211.989331773137      
138         -39260.064665240439      
137         -40253.289361223469      
140         -42781.365084898513      
152         -48488.954055484035      
138         -40343.129439637807      
152         -49774.395684037227      
150         -48176.98418343487       
147         -45722.515755925633      
140         -42536.291902546676      
133         -37661.464693463931      
131         -35417.628619486306      
134         -37954.990022406797      
149         -45584.794917882675      
155         -47767.183097636269      
161         -51454.584685447917      
159         -50952.679992199737      
147         -42944.611034540401      
146         -44137.169620672983      
145         -43391.778663321427      
136         -39904.176503460447      
140         -41909.682098490543      
140         -41297.028124762517      
152         -47659.401359303571      
151         -46989.027431070281      
139         -41143.577989275036      
149         -45945.791471321776      
145         -43559.784207189397      
131         -37011.235291404155      
120         -32874.764322339011      
107         -25499.145444953454      
123         -30953.865038224292      
133         -35889.953940880812      
141         -39267.018382769427      
147         -43095.978703944624      
131         -34341.971061899203      
139         -38379.180993220209      
139         -36794.054353626372      
140         -38937.620278469505      
131         -33829.423870871244      
133         -36123.437960783886      
141         -39916.008066578055      
137         -36788.908256680872      
137         -37792.38851833123       
147         -43608.450839513542      
141         -40900.045356873263      
139         -41330.152618344422      
144         -44137.136749704521      
153         -48772.194275832233      
150         -46810.910328041187      
141         -41945.445336832869      
155         -50653.693994398011      
159         -51366.221404666117      
172         -56783.482301009652      
168         -55399.717255045507      
171         -57625.393935360065      
174         -58179.398228270853      
182         -65521.095280916314      
197         -74867.914477460945      
206         -81948.521400927537      
203         -79234.981396729927      
200         -75805.70314712025       
199         -75605.139726287773      
195         -74763.046204017548      
192         -74319.950264794446      
188         -69667.531563664321      
182         -66830.191463660711      
184         -69355.255355740184      
187         -71828.075907422564      
177         -63812.157510241268      
182         -66145.843507795536      
190         -70100.550464092463      
180         -63418.562349144289      
163         -52454.403389285522      
155         -49079.611579445176      
155         -49865.203458802396      
154         -49575.114556819157      
148         -44880.149372234606      
150         -45032.85576075135       
147         -47282.778435162756      
159         -52602.059304527247      
153         -47526.441808164673      
169         -54568.868100819062      
182         -62126.80825270708       
171         -58369.998748543323      
172         -61152.146500581177      
170         -60814.491210100219      
173         -61140.145607275772      
169         -60597.66355871511       
163         -55040.686021359972      
181         -66843.441017028934      
182         -67775.504371963281      
189         -71377.791203156972      
193         -74079.017894597418      
198         -77931.887511914683      
193         -75872.206901583704      
196         -75983.461670312361      
195         -76750.347715823416      
194         -75094.458194346909      
201         -79547.180457287977      
198         -78348.193743905489      
213         -88495.791157019572      
215         -89983.672622580838      
212         -89777.75249871517       
215         -91214.117750590012      
210         -86404.179303835015      
206         -83890.680442697369      
201         -81188.118481007492      
219         -92971.949748596744      
217         -93163.942702090135      
221         -96535.855014776578      
218         -95592.697364937427      
208         -87669.640694447546      
197         -79396.847706368237      
202         -82900.38340868993       
198         -80812.877636681529      
185         -70608.829869648587      
196         -74624.695830154873      
182         -67560.744193383114      
171         -59198.202040683645      
182         -63195.802631714163      
172         -58777.270428474301      
173         -60290.826481965771      
171         -57418.370918793327      
170         -57011.516889696133      
164         -53744.275138997677      
160         -50341.76722991409       
164         -53827.224874214116      
154         -47519.61334520096       
158         -50905.288605449117      
164         -55488.713989828699      
156         -49472.30013629856       
172         -59530.395887850551      
157         -52174.246179540467      
165         -56530.852506005096      
184         -65933.916095131106      
180         -63765.228114374368      
173         -60072.425551603126      
166         -55760.148291785095      
178         -64103.123850455755      
177         -63483.865846009954      
176         -61493.677390041448      
182         -65105.449061452542      
167         -56926.604780606562      
172         -60097.939139308452      
168         -56448.241814203087      
167         -55322.260193474016      
152         -47660.354527972107      
156         -50301.980649849487      
157         -50521.288117797747      
165         -55712.652852916355      
176         -62808.531364806811      
173         -60640.830598914188      
190         -72580.287274835995      
199         -78489.468518433307      
209         -86611.840216060707      
207         -86280.285238085577      
206         -85189.493866878081      
200         -81738.903899794313      
202         -81907.343471965447      
202         -82469.313070601667      
203         -82197.424905000036      
207         -85295.856024564113      
200         -79425.135654107507      
197         -76708.184533417967      
201         -78987.963177973346      
190         -69462.16647606378       
187         -66750.872069288074      
189         -70315.352480561225      
189         -70507.306101491675      
175         -60725.529999847429      
183         -66095.90494528797       
187         -68937.015331451184      
186         -69492.749655520209      
192         -74276.379612332908      
182         -67838.160372441649      
183         -68582.624301605072      
171         -60060.181669370657      
178         -63731.933943360338      
181         -66164.15872284041       
189         -71368.224141910381      
180         -65330.572450081439      
176         -62735.171684630426      
182         -64455.823430289631      
189         -70219.773145808969      
192         -73247.580497942909      
196         -76010.72161365689       
201         -78109.461392225945      
195         -75451.307486116901      
196         -75967.679193378543      
197         -76373.681973360421      
206         -82229.759015216507      
206         -83951.48716729533       
217         -91263.888481554575      
213         -88768.562840622282      
214         -90711.638278449784      
218         -92796.004937381149      
221         -94100.124465731613      
222         -94029.159716085487      
222         -96428.375632568481      
214         -89316.644121567093      
215         -92167.458066395426      
210         -88707.286281424385      
210         -89762.50736486516       
220         -99240.768933408763      
224         -102604.11826292081      
225         -102526.7640685342       
224         -101815.15985225963      
217         -94798.968714369534      
216         -94260.273425716063      
216         -93611.283015570734      
223         -99479.395612268447      
225         -101266.55709927029      
220         -96246.638419265379      
208         -87173.678487507626      
212         -88822.010525930426      
206         -84164.308295543859      
203         -84350.168651961183      
208         -87811.743042386501      
203         -83917.517043094907      
204         -84137.777617798594      
201         -81738.380935033769      
200         -80787.268974775914      
198         -79174.452727008902      
204         -85109.962339299818      
213         -90017.512737526311      
198         -77891.43972422606       
195         -76033.559617692139      
200         -80471.135887860961      
195         -77174.512364811497      
194         -76028.294262625364      
206         -82892.221816571997      
204         -81388.107634569111      
216         -89474.381785570629      
203         -79280.980209276808      
197         -74131.865009524539      
199         -73637.70234724872       
189         -68323.450096898363      
187         -66359.353128793315      
183         -64143.088636083332      
182         -65262.184090010589      
178         -62739.794758526048      
180         -64510.200107810946      
186         -70846.888407910345      
189         -71860.631075713594      
191         -70458.375864870744      
195         -74258.253234616001      
183         -68246.159214970787      
184         -66591.036379423022      
183         -66315.274058663563      
187         -69086.314429369246      
185         -67673.58916232019       
189         -71200.047651398039      
184         -67418.111532343362      
176         -62645.532205431657      
200         -79683.460060625846      
205         -81755.670839956278      
201         -77193.989867629585      
200         -76084.42692316178       
199         -76955.477150399471      
192         -72143.539065860023      
188         -70629.765306364177      
191         -73932.7443113833        
195         -77004.6507735903        
205         -86571.371338185723      
205         -83857.383722314582      
211         -88638.431106233213      
216         -91256.046069912569      
216         -90095.67925040632       
207         -84999.897318153002      
205         -84713.270266697349      
210         -89720.965399762514      
208         -86848.127394493626      
210         -87531.014433176242      
215         -89652.664284123268      
221         -95445.78749840305       
211         -88448.651646187209      
208         -86943.637596100423      
203         -83059.241510118634      
207         -85338.614346582879      
198         -79808.729069349109      
204         -84827.28643248319       
207         -85789.743331590929      
218         -94970.046766878455      
225         -99962.306206242443      
218         -94244.775387513466      
209         -87721.798646863317      
191         -73630.381503692581      
208         -86808.098860303275      
212         -89778.444905820958      
205         -84018.893419470885      
208         -85994.743458379045      
201         -79982.713422096102      
200         -80394.226180127051      
206         -84822.031991606869      
210         -88048.262074292448      
207         -86706.759144620577      
217         -91640.544226014215      
214         -90102.029110463613      
209         -87482.604584598128      
221         -96182.837812941609      
231         -104729.35762047739      
231         -105845.2233047687       
226         -101770.2596857342       
226         -101322.89214893144      
213         -92231.551383151178      
214         -93932.433473595142      
214         -93508.887324052761      
219         -96781.541894763068      
223         -97208.471043378697      
225         -99331.969648051527      
218         -93540.106562459652      
223         -96630.084179301761      
219         -94130.02490331135       
219         -94789.458094372909      
217         -92633.879237117886      
207         -83563.19217637094       
198         -77949.482609197643      
199         -78240.78688147018       
200         -78941.36326632378       
195         -75345.504225797806      
198         -78628.261663822035      
194         -74595.69670720119       
202         -80063.9725771792        
194         -74245.538710998517      
203         -80555.153595939395      
192         -71628.264194065865      
191         -72677.259166456832      
202         -80447.301772578037      
204         -85080.997990932126      
207         -86931.228557087903      
200         -82194.421528181003      
206         -86183.294137653065      
207         -87045.309903103582      
199         -82327.209760041267      
191         -75576.692734734068      
186         -72275.019880470645      
186         -70758.123616991332      
190         -71631.13726827444       
193         -71595.621755738539      
196         -76478.11600126556       
203         -80486.512699195751      
197         -78893.779970759744      
199         -78733.664827243629      
203         -82900.204313892857      
195         -76158.54722752099       
181         -67164.390552633296      
181         -67225.183337455819      
195         -76058.221069132604      
193         -74241.042443585771      
195         -75966.071037762827      
178         -65144.865662745695      
195         -75242.329222380169      
192         -74457.93927109192       
206         -84597.783423128931      
208         -87476.78204734574       
205         -85496.479639508951      
211         -89537.493186276275      
224         -99117.629691836381      
219         -97411.694549918262      
227         -102141.15659137035      
230         -103905.23941889621      
219         -97293.220300560817      
216         -93229.393342663796      
214         -91479.732588674582      
214         -92694.51016018416       
213         -91897.50095928667       
202         -82625.850872886862      
196         -80081.609988935001      
193         -77987.094425756455      
201         -83693.082094252415      
199         -81562.027506178274      
210         -88383.861214601158      
206         -85564.640663471859      
201         -81218.329288308363      
196         -75818.874198817546      
204         -80115.428412944879      
198         -75999.557737124269      
190         -70460.411096145632      
190         -69794.019501849907      
179         -60979.02033468875       
167         -53744.897314567148      
172         -58841.441883716187      
164         -53738.282022727522      
157         -48607.663748098013      
145         -42570.43117040745       
154         -47256.430110512745      
149         -47554.02564075579       
150         -46467.432014976323      
152         -46445.538866441901      
144         -42333.56566827913       
141         -40142.893145989961      
130         -34618.884505185393      
131         -37206.435161312722      
126         -33731.137121009851      
128         -35514.228412805474      
112         -25253.558110405887      
96          -19227.611186037135      
107         -24140.749192282903      
107         -24697.248393295853      
104         -22779.926938621815      
88          -16622.278569233091      
87          -17779.156478512967      
75          -13169.926257937808      
89          -17908.290403879528      
81          -15651.478568967879      
86          -17105.770788570266      
87          -15343.219962454146      
78          -13118.870782110334      
66          -9885.6571366433236      
60          -10063.957627851498      
47          -4687.5494488720387      
46          -5323.5741543186232      
29          -2350.6038190710669      
52          -5803.5534474528295      
60          -7805.6878253998057      
62          -8835.1275097304588      
58          -7697.772072552566       
55          -6442.038340027696       
53          -6398.7505161164154      
56          -8044.754777905935       
57          -6976.0184781288699      
50          -5876.6706424419708      
52          -7253.0872210256657      
51          -6325.0001034164807      
44          -4611.1188174244462      
54          -6088.081852914981       
54          -6392.3638625937147      
52          -5280.6946966225878      
47          -5738.2183848219402      
50          -4982.6767323619679      
44          -3785.32560349496        
36          -2440.4027831638032      
33          -2515.9246725214489      
50          -5362.1793145935435      
60          -8311.2598008049863      
74          -11545.729569686084      
57          -6838.045417781148       
59          -8977.5623794031799      
55          -7264.2878303530715      
51          -5570.5346552609617      
47          -5203.6011796625426      
63          -8539.2879943661446      
43          -4423.8044844842052      
54          -6974.9331819956242      
62          -10313.283358901368      
73          -11860.031331421358      
78          -12236.171836748579      
61          -8254.1557956082816      
67          -9012.6176237312466      
69          -10106.85140036023       
71          -10731.532717711896      
61          -9030.4759012303966      
52          -7419.338126716345       
49          -5062.9575226048355      
68          -9861.8158181370272      
59          -6428.3054591996251      
39          -2824.5602338709955      
57          -6568.8225246153042      
60          -7139.9707417048567      
69          -10167.092606915676      
72          -11290.482230197293      
80          -14631.994492743785      
67          -9437.8065212317215      
58          -7473.7302647575225      
58          -7721.4577432353781      
65          -8920.5382086801856      
66          -9274.7782606325563      
62          -8822.3087000324704      
55          -8194.4624549704167      
56          -5958.6194033606707      
60          -7860.9245577383317      
54          -6731.6865444568994      
50          -5989.9245180843454      
40          -3656.1264505274003      
39          -2835.2956362426994      
39          -3310.4896391204047      
49          -5375.7806872579713      
51          -5333.7562260347531      
64          -9043.9990363675697      
58          -6552.3773383979888      
78          -12191.935213959652      
80          -12829.136429635739      
76          -13123.97787327705       
78          -13232.2098919165        
68          -10233.305789283595      
61          -7706.5522510114579      
56          -7254.0488965133191      
64          -8471.8164732933128      
65          -8922.2077090720286      
58          -7226.4342850621142      
58          -6575.1649297143649      
67          -9252.7127694208502      
68          -9232.7980795056574      
53          -6358.5625507350424      
71          -9747.1567966516741      
53          -6929.5173802244826      
61          -10078.539936452997      
75          -13961.471317840997      
62          -7645.3910656558537      
52          -5331.6727357386417      
63          -8643.1221562323481      
62          -8430.4941894864078      
57          -7603.266762701207       
79          -12199.542256750647      
82          -14084.611594428177      
97          -20453.42388032682       
101         -21674.013152570562      
93          -18487.676951997877      
98          -20974.40598771417       
101         -20001.702873232414      
104         -23711.283110290031      
102         -22213.490594023577      
124         -30380.556742343066      
121         -30390.469625913793      
126         -33445.243518083109      
126         -33519.716501150469      
135         -37893.335691709923      
117         -28188.777697796686      
122         -31354.881712832925      
124         -30664.705416515404      
116         -28542.255695666867      
112         -27386.899964610438      
123         -32931.980280790616      
117         -29573.068502373393      
121         -30317.119148516544      
126         -34297.60093616465       
126         -32732.563607770964      
127         -30061.305542029815      
134         -35280.653121930271      
122         -28946.637209897781      
125         -31531.694462983709      
133         -36954.375307241178      
124         -32517.800399931959      
135         -37981.554979060224      
135         -39077.721306162603      
133         -37621.095079891536      
133         -36489.082277712958      
132         -37441.628936536836      
135         -39674.410762485772      
139         -40061.560328397187      
124         -31818.463784415519      
133         -36066.609480158462      
143         -42529.882161424212      
152         -47909.949780925097      
156         -49444.465393811457      
144         -42424.135195524803      
145         -42879.129198770985      
164         -54804.337534240112      
176         -60344.052665531191      
173         -61592.99488386212       
187         -68728.340710597186      
179         -64236.697024748049      
170         -58632.738653729568      
171         -58695.02474884026       
167         -55046.702088667393      
171         -58218.277316599662      
182         -64876.677844427992      
186         -69824.929511827213      
174         -60825.158681452835      
168         -59449.189002814746      
160         -52527.823135816659      
171         -59481.523270737118      
175         -61442.464955160904      
172         -59544.022446074276      
165         -55002.612098203695      
172         -60286.841863588663      
191         -72018.227243856294      
199         -77115.722280802394      
198         -76576.456980020841      
197         -74652.270992221718      
200         -75769.32677791451       
204         -78643.809344543042      
195         -72743.517542249494      
187         -70168.599833744767      
169         -58558.567668452175      
157         -51100.018171148855      
164         -54315.720600496126      
163         -55774.09573317688       
159         -52581.915936979232      
155         -49082.936023112008      
147         -43660.101594887987      
151         -46216.71999974428       
154         -48584.784182455893      
160         -51457.469981993439      
167         -54853.891993405028      
170         -57934.240363045035      
169         -56386.557544896554      
181         -65717.845873048631      
190         -71037.826501247939      
190         -71983.978747145447      
181         -64967.073689463039      
185         -68035.076756099341      
190         -71993.084474751071      
185         -68380.695066662185      
185         -69318.270763403576      
192         -74177.096227773902      
189         -72076.412360262824      
193         -76715.403335115727      
197         -79548.564204372873      
196         -76951.644279186512      
189         -70736.073799254387      
201         -78652.10312755256       
198         -77944.12176737735       
192         -73471.962046378714      
180         -65306.417427655135      
181         -67155.093421267229      
189         -70770.167255682463      
182         -66605.981837496176      
186         -70280.729677180207      
196         -74810.167840794733      
202         -79647.429551408568      
189         -70077.497726840535      
185         -68774.536602990702      
195         -75628.568253485879      
187         -69525.452640051168      
182         -66849.354767523168      
171         -59897.386925667204      
172         -61893.351521185185      
177         -65310.391660578985      
178         -64119.330665530775      
181         -66566.086079913104      
175         -62064.58451711895       
175         -61680.1585949617        
177         -62421.300370767538      
167         -57460.111034149384      
161         -52845.388072205868      
134         -38467.007939747193      
124         -34810.440231383182      
114         -29678.154941930919      
118         -30682.409853823458      
127         -34519.866278222988      
129         -36384.102771104692      
145         -46153.10650219574       
141         -44236.79965961173       
141         -44130.3088091971        
127         -38081.801632333576      
142         -47549.601199106452      
144         -47321.275840703143      
148         -46723.890508008626      
147         -45854.508293199244      
155         -50439.102453834348      
154         -53576.539110450911      
146         -48520.727769879129      
155         -54210.630688795223      
171         -63454.612052521326      
180         -68040.736926306214      
195         -77884.055023914581      
202         -82018.620389480478      
201         -81600.877119221375      
192         -75872.504352999589      
198         -78693.566015856704      
211         -90979.782059029545      
208         -87700.566365555933      
186         -71245.407678569551      
180         -66974.548645243849      
180         -68229.862295216561      
180         -67142.33321317524       
169         -58240.583917114069      
166         -55873.031983447792      
156         -49536.506170844397      
154         -49552.385988438917      
140         -41440.143067567631      
143         -41101.442795898045      
148         -45017.875147734929      
137         -38867.836942794347      
145         -44679.327981000039      
153         -49199.218212396088      
146         -46088.413089092675      
141         -43327.313308590223      
148         -46741.919991969706      
129         -35944.222501765937      
145         -45467.446821487865      
138         -40779.527411437935      
150         -48503.355387107236      
146         -46488.160857510164      
150         -48602.512789489185      
159         -54429.806578847529      
155         -51065.76950592389       
154         -49900.850860974155      
172         -60161.935080052259      
168         -57986.870397566141      
179         -63745.752675168369      
155         -49898.177505026877      
165         -54724.707249171319      
171         -56347.280978994961      
168         -56602.99468603119       
178         -60894.218706966116      
169         -56786.327445019677      
170         -59456.519534003026      
172         -58759.239066157003      
174         -59420.786762092823      
166         -54713.648482279634      
165         -55363.347579623587      
173         -60671.0735161009        
182         -67405.547122764605      
185         -69548.044579310081      
185         -68245.477194391657      
178         -63401.597023084767      
181         -65456.68787428482       
166         -56642.975217919979      
161         -51315.853985193105      
156         -50083.047489942554      
151         -46161.47019266674       
137         -39246.571402763169      
115         -27478.280355822193      
111         -25918.573201268686      
86          -16779.445128151452      
81          -14037.026841757415      
83          -15256.845314517772      
78          -14721.044129934202      
72          -11223.567918039438      
53          -6153.5845125093192      
68          -10682.393076414604      
58          -7771.7110090998685      
59          -7199.2210586462752      
57          -6145.5267153397763      
68          -9764.0135818693143      
76          -13113.08850345873       
90          -18953.480387529395      
107         -25230.236771691303      
109         -24390.762887946523      
111         -27262.27011966124       
103         -22303.92624215765       
106         -24935.89294949008       
93          -20288.733460808002      
109         -25762.103041093244      
116         -29130.875946309312      
121         -33606.36002269623       
117         -30816.8540816573        
104         -24563.856543218251      
106         -25915.589907419548      
119         -32076.981265956274      
103         -24458.389981492779      
93          -21865.42507273451       
96          -20521.013908571978      
98          -21792.558602451962      
106         -25304.051815220657      
120         -30377.468490477106      
101         -23618.829941706597      
91          -18777.161411818714      
86          -15920.169561546376      
92          -18047.598441495782      
81          -15082.802910480985      
84          -13845.05368156962       
57          -6015.230385958268       
63          -9506.2640183309977      
72          -11979.904539708357      
78          -13467.527927344669      
72          -12395.226753416195      
72          -12347.168981565759      
82          -15581.941013755673      
65          -9437.5286829146498      
53          -6145.2875179013545      
43          -3377.010586106368       
54          -6777.8787739371537      
52          -6329.9313015760608      
64          -9155.4756344449743      
89          -16750.176600338349      
94          -19650.278817403228      
77          -13318.704792038705      
70          -10680.455591286976      
50          -5652.1769822893511      
44          -3992.8524719376128      
46          -5734.1113272203393      
54          -6608.8402834681201      
60          -7747.6795975100804      
56          -7934.2175534897469      
49          -4837.1484786980145      
48          -5433.7929869344925      
61          -7685.3231056629365      
56          -6726.2979995827154      
52          -6277.6763726331101      
36          -3073.9521890401807      
42          -3995.3247004130262      
48          -4710.993865620786       
46          -4837.6915570680912      
60          -9323.7778282315194      
57          -6822.2653229696725      
58          -7781.4697464694955      
74          -11851.017129258964      
54          -5061.834680588936       
68          -10195.528818674606      
48          -5373.67049213255        
56          -7617.8271214935576      
61          -7044.7455603358621      
62          -8442.8246138299546      
51          -6397.4130713413588      
80          -13261.660202767878      
64          -9568.6322865101502      
57          -6352.8224516004075      
66          -9864.5309118914956      
66          -10230.27369865634       
64          -9250.5059292091719      
61          -7527.1697091995866      
48          -4930.5133796939845      
52          -6191.8203253232714      
61          -9811.8057832356117      
77          -13865.946426114579      
98          -21288.353928440003      
96          -19283.08537538028       
102         -24134.497624730622      
105         -25593.846288768742      
102         -23553.552614190234      
101         -20474.43166266855       
95          -18750.95482867691       
110         -26049.923799995129      
111         -25682.034989080148      
119         -30527.193323347616      
119         -30863.411734170339      
121         -31963.901412398238      
114         -29400.910944088198      
112         -27466.346503953053      
113         -29954.332281392792      
104         -26527.516843641868      
109         -28015.852112531913      
112         -29608.625931816809      
111         -27806.992659566749      
101         -24759.153468126635      
102         -24595.082914315077      
108         -29477.094429382287      
112         -29762.395010836943      
120         -31738.066103895486      
142         -40215.00012513507       
164         -51953.829279528269      
159         -48963.643952001381      
148         -45166.023096804063      
144         -43513.161393917966      
159         -50921.779924330251      
175         -61476.720021874542      
177         -60960.70893936744       
186         -67515.774626187413      
185         -64848.870521416429      
185         -66325.020814139061      
180         -63674.969170309887      
194         -72500.524860275764      
189         -70404.21757790116       
174         -58836.312694841436      
151         -46377.562705979515      
156         -47273.538636310885      
135         -38497.924762763738      
138         -41117.41618764236       
128         -34581.134775649618      
139         -39099.652607568845      
157         -49462.250765244782      
162         -52564.809957786063      
150         -46486.579783744521      
144         -44521.692717570069      
162         -53171.31224270301       
160         -50741.846134292289      
168         -56456.115032584305      
163         -54252.009873410061      
175         -61671.400543090283      
178         -63917.324120444791      
173         -60017.103480115489      
178         -61696.085561370244      
185         -68198.214696876355      
190         -70167.007046192753      
189         -70753.259811531389      
196         -75324.800512749964      
194         -74398.020578994954      
197         -77522.300879736387      
193         -74274.671240282565      
182         -64347.992029137247      
186         -67353.301731672589      
186         -67565.070137829418      
182         -64140.820330855662      
198         -76297.757243441374      
195         -74834.830971273186      
200         -79391.7941841008        
188         -70690.936679828548      
186         -69779.525344141191      
183         -68017.527664166686      
181         -65408.569934021245      
165         -55491.102330295078      
179         -63735.134352478199      
186         -67337.657921553022      
192         -70502.683606157501      
193         -72747.543900416364      
179         -64143.267463651988      
183         -67451.314939406337      
183         -65907.38363085399       
182         -65839.855429378134      
182         -64918.235313278055      
185         -67852.231176554866      
193         -74683.474697726313      
188         -72731.515658142118      
187         -70514.156286095938      
181         -66975.198983331909      
182         -68539.121567045004      
184         -69061.562957010407      
179         -66762.843277390813      
180         -66754.11083182435       
190         -74222.323355844666      
182         -70739.143432799989      
168         -57266.771913091354      
176         -62452.066734896929      
184         -69747.532781158239      
181         -66307.669161042038      
179         -65336.488063421799      
185         -69365.112124745137      
186         -71573.191112534943      
174         -61865.662918725087      
169         -57455.084811521781      
170         -60476.511860655948      
188         -70710.487228754748      
193         -75490.037384050782      
190         -73543.099547055666      
191         -74777.906398951192      
200         -80633.024205184891      
195         -74807.156200426951      
186         -69711.918312013309      
185         -69006.977426435929      
186         -70544.111283336344      
186         -69041.103996571605      
182         -67944.993122732514      
187         -70900.924334063588      
193         -73926.361700220776      
189         -70759.753720281456      
198         -76891.019744943042      
193         -74194.468295747705      
195         -76225.228030418846      
200         -80248.216413894814      
205         -83795.417451111629      
199         -78219.325918934715      
208         -85896.419394989265      
204         -81767.974649119205      
200         -77966.180948260982      
194         -74287.903158397719      
203         -81752.414202825748      
200         -77639.429015956266      
190         -70952.524999519752      
190         -70784.974980105064      
183         -68166.386568790826      
196         -76012.883059367261      
194         -75143.922871726681      
182         -67007.662502326348      
195         -76107.897158081061      
196         -75731.415600987704      
192         -74103.957199422613      
189         -72464.319376882224      
180         -67632.176412197339      
185         -70761.598579263111      
195         -77466.23440716257       
181         -67218.523305835217      
186         -70173.32201148702       
194         -74710.809975707904      
196         -75419.306554170034      
189         -71537.923337796528      
195         -75437.095316993102      
198         -78732.727754494859      
202         -80588.425383478956      
194         -75650.480812389244      
197         -76102.688592970109      
200         -79499.662881435928      
197         -76047.559732888491      
201         -77891.128925855955      
203         -79619.963951187659      
201         -77842.323300885691      
200         -77793.757638931929      
212         -87018.359701120135      
213         -88745.079808131879      
204         -82271.128063123615      
196         -77455.707202967213      
195         -76343.672237047183      
199         -79282.940573061613      
195         -74976.992654683476      
182         -66465.959373739737      
194         -74855.117322455422      
196         -75019.379316232007      
183         -65791.330119483435      
177         -62390.409565524526      
181         -64439.938536398644      
181         -66354.403006011402      
183         -66353.095501571937      
190         -73353.042850611804      
193         -75234.925511960566      
187         -69777.062076921764      
191         -73165.900807195765      
187         -69338.659808433615      
188         -68947.990801437947      
183         -68023.835874632568      
189         -72081.051944493447      
204         -82047.771512126375      
219         -94818.125155952977      
210         -86860.104770530277      
216         -89006.772724835886      
205         -82234.231279967964      
198         -76918.954240897801      
197         -77260.09409506651       
192         -74075.330692218355      
179         -66549.697678525336      
181         -67454.808273033443      
177         -65240.915115913733      
180         -65495.981903101841      
177         -63380.342627268998      
190         -71335.387795905495      
182         -67242.613701761016      
186         -71371.963851012028      
179         -65805.489451403293      
186         -69791.251541984733      
182         -66669.548016367582      
188         -68433.319273537592      
186         -68605.94209896044       
170         -57732.75230492642       
168         -57552.400870940801      
181         -66002.792589797042      
169         -58465.487390181006      
157         -50846.204990372098      
178         -64740.222247929203      
172         -61040.553302872686      
186         -70356.511045556923      
190         -71548.439805938091      
191         -71533.587758775539      
194         -73088.092957050845      
182         -65815.663749339015      
164         -55651.575553256735      
166         -55655.304599938157      
161         -54096.074522267169      
166         -57299.435573829585      
175         -62381.441495078347      
188         -69982.531094216814      
191         -72559.629331950302      
188         -71579.532493025588      
184         -68571.864669206334      
176         -63542.836304791774      
173         -62829.936302702859      
165         -56042.51939542633       
161         -52329.868285753066      
158         -49931.586757076861      
164         -55530.253269928435      
169         -58262.77351398523       
172         -60711.757467860909      
159         -52986.47519820289       
146         -43812.472244246426      
140         -39849.265611236522      
149         -45318.526173506572      
145         -44179.975455584776      
142         -39720.190131103896      
141         -40295.639802658625      
134         -37144.675712755656      
145         -42015.4693283909        
153         -44113.509277081372      
157         -45798.878665782599      
152         -44077.254129756162      
148         -43782.334373158861      
152         -43818.079682376934      
135         -34916.9544979848        
125         -31861.357477042784      
131         -35451.765346654305      
137         -38929.688510356616      
146         -42586.093506428944      
156         -51097.073266926702      
153         -49192.387380384935      
170         -59457.129842446004      
179         -64235.846203717105      
179         -63701.571247030173      
183         -68187.634709542326      
191         -72412.798257554357      
196         -73135.238424742172      
191         -71497.835936263378      
198         -79171.650596584062      
191         -73661.016667968317      
192         -74877.860471794949      
172         -60815.513885356559      
179         -63910.931189067174      
169         -58783.265248748401      
176         -62497.251184123896      
177         -63431.033568166851      
178         -63725.704283762621      
167         -58238.862248323509      
181         -66813.058771278855      
172         -59300.837523141287      
176         -60634.291456302235      
180         -62187.646265354575      
185         -66530.772335674716      
176         -61491.369493520586      
180         -63964.16747328794       
187         -70633.350573366042      
202         -81140.535951590267      
199         -78517.40471308562       
190         -74784.940182196398      
189         -70248.222432234674      
185         -68523.626088897494      
192         -72183.69887808233       
194         -73327.799825176931      
198         -77597.704603705657      
212         -87917.775545457465      
214         -90338.452583592647      
218         -94345.639029920159      
222         -98086.627294170859      
232         -104690.44580514467      
227         -101822.59821109599      
222         -98185.751927077654      
220         -97207.070387487052      
229         -104933.64525209514      
223         -100652.58521800966      
225         -102833.7594222324       
234         -108667.58829135126      
235         -110362.72054780215      
227         -103601.47171998009      
234         -109415.86636044238      
225         -100213.19775775261      
223         -98446.471308837703      
221         -98192.722564155803      
215         -93925.117428564627      
215         -93371.676883108579      
212         -92330.219479361447      
208         -86785.532113779394      
203         -83159.698243846637      
189         -75151.162915099587      
182         -69862.920703002193      
182         -70259.286725350132      
182         -68328.926162089643      
181         -66576.892125803206      
178         -64445.491201530815      
190         -71297.296990260642      
190         -70320.133025276606      
198         -76023.778769470897      
191         -72589.725646484047      
190         -72865.429425320734      
199         -79575.810475671227      
194         -76266.080338017971      
192         -72952.03385661931       
200         -79402.747116599523      
186         -68791.372955004757      
194         -76197.21835611471       
178         -63584.19268011181       
191         -69781.273031837176      
189         -70927.430901449537      
201         -80129.500209885722      
193         -74806.538149610875      
201         -80689.940895839638      
199         -80250.37479422694       
210         -86820.126343674361      
214         -89387.672636010058      
215         -91828.657208180113      
219         -94541.304858883756      
208         -85562.86099849164       
212         -89667.736088577731      
217         -94009.681757458835      
211         -89068.437139046626      
219         -95371.718283797934      
213         -89791.955882433904      
197         -79651.747953904414      
202         -80402.627184133031      
208         -84155.29769210839       
212         -88465.132265158041      
212         -88773.562241160238      
204         -80859.105729856979      
212         -87007.953789601481      
204         -79184.735358109217      
197         -75630.457087032366      
199         -77858.39929355192       
196         -77082.849248901446      
193         -74181.794655828198      
195         -75118.346197312887      
206         -83603.183976984874      
212         -86803.387880325594      
210         -86847.867647001476      
201         -80975.703983367901      
202         -81906.448939162656      
193         -75044.198851832552      
195         -76728.783235592768      
201         -80122.914922995915      
201         -80464.181990670753      
193         -74333.276625051629      
199         -78203.170089015199      
204         -82163.333335350631      
204         -82491.304924527183      
196         -76680.91122386849       
198         -78973.15231589452       
191         -74160.023606936666      
194         -75612.469257127785      
194         -76368.816206737392      
194         -76076.684335208134      
196         -77505.584482773556      
204         -82821.607335928464      
195         -78088.206669128747      
196         -78026.136082082754      
189         -72191.201402155057      
190         -72109.538103547893      
172         -59401.223446677977      
170         -58218.617759130328      
180         -65240.097918238374      
167         -58823.764093202641      
176         -63484.519768950122      
166         -56734.311654936209      
152         -45921.022335706904      
156         -49412.166350091029      
146         -45393.153776275205      
151         -46133.592842401602      
148         -46514.773477334536      
155         -49405.132323356302      
159         -51034.02247387157       
148         -44940.61262326967       
150         -44778.90341922619       
139         -38695.96998489277       
133         -36311.107141318658      
122         -29546.044093763536      
126         -31812.557648419534      
143         -40197.971995510779      
131         -36369.219058548755      
148         -45788.923148530426      
163         -53924.581771378645      
159         -52181.046338075736      
158         -51116.776105190183      
142         -42754.790281046066      
160         -51749.031441049134      
164         -53977.793308900735      
151         -50128.305694358627      
152         -48511.326522637668      
157         -50245.685398809488      
163         -53073.896415168092      
163         -54391.681786337045      
150         -46155.011207551564      
140         -40381.526388255748      
150         -44187.314667062841      
161         -52184.360929609269      
166         -54859.826740659359      
170         -56802.457797872266      
172         -57310.353119464053      
178         -59260.158470546055      
170         -55539.185928698134      
176         -60689.828640986816      
188         -69452.743182806444      
169         -57228.750862778485      
156         -48972.042969634982      
160         -51848.69704383357       
159         -51889.892482009549      
136         -36804.594974141153      
143         -41164.466544267721      
150         -45936.535001479671      
155         -47128.400561451577      
144         -41499.080720579987      
138         -39739.282289935618      
137         -36884.690268865139      
143         -42465.541444051174      
150         -47185.436921337532      
144         -43780.435848111541      
147         -44998.271874758313      
138         -40895.486530476883      
139         -41903.841390087728      
132         -40989.127701781508      
131         -38333.711602257099      
132         -34510.395627902537      
124         -31921.170857903406      
123         -33443.403653676112      
123         -32898.122353967126      
118         -30477.467693888448      
108         -24310.576602843666      
111         -24965.463996828476      
93          -17960.193597889691      
98          -19224.937538060738      
99          -21518.262882233332      
96          -19358.48659757273       
96          -19900.901582885635      
91          -17522.444113313457      
95          -19236.102432187163      
93          -20824.48736333229       
93          -20625.405750917915      
88          -18489.411697119074      
84          -15584.81920493862       
91          -16990.237504809811      
93          -19991.672778741566      
65          -8942.1066295522014      
61          -6600.7776765304707      
62          -8135.0157516893232      
66          -10418.323654416914      
86          -17396.429193426575      
80          -15845.746610357153      
79          -13505.919810091806      
91          -19528.196036650643      
88          -17324.361088085432      
94          -21794.781199160345      
101         -21647.995228873209      
97          -23091.353172916002      
92          -20974.366723047606      
84          -15357.096541120764      
93          -17370.52296288362       
66          -10358.306934634656      
71          -10816.784167824349      
62          -7030.5084239342596      
79          -14293.922107666342      
85          -14601.764358133034      
81          -14587.549773776969      
72          -11364.992309075467      
81          -13779.169165889707      
84          -15318.372153440243      
88          -17332.875589410294      
80          -13085.798729100228      
73          -10593.851311214979      
80          -14719.809017937509      
79          -15592.399140874468      
77          -14378.41028147884       
91          -20016.000017331266      
90          -16465.015804676037      
90          -19679.919973790085      
83          -15349.888952407875      
95          -19342.301980760472      
108         -24353.288250242902      
102         -21692.09095987906       
109         -25154.426436429472      
124         -31654.808419354667      
131         -36392.274409959733      
128         -34343.570934503994      
130         -34370.789760416541      
126         -32191.296389101401      
121         -30497.15166905801       
111         -25278.590424542643      
97          -18925.195198331789      
86          -15237.542438960934      
63          -8710.6627584725593      
60          -9008.4577419785946      
64          -8892.222226865937       
49          -5324.7007158249044      
49          -4929.1084795213319      
63          -8924.9444287608458      
62          -7994.2997088633856      
68          -10712.57622871513       
75          -11437.897272493843      
85          -14736.906348773291      
91          -17242.989062504999      
89          -17571.764648032757      
66          -10140.993925952509      
62          -8161.6563822459311      
70          -10180.016816337131      
78          -13781.120624403651      
57          -7465.2356086243535      
44          -4235.6816707945454      
50          -6098.7387079008913      
55          -6688.0534663035414      
52          -6007.0616600463154      
44          -4533.3807935755594      
48          -5292.0661283603422      
65          -9230.0225627760046      
63          -8495.0290519059527      
49          -5432.8944099961145      
37          -3351.8158377856685      
34          -3100.6996091109936      
54          -6553.1199962839783      
42          -3880.9288790931682      
37          -2596.7472447276514      
44          -4235.6409366376565      
33          -2358.5045018392102      
41          -3426.446497684964       
50          -5032.9197866403219      
56          -6870.3431228073132      
78          -12276.309263260031      
63          -8689.7109607894163      
55          -6807.6786484336335      
64          -7619.4845579715102      
62          -8083.1370671455206      
62          -9221.2038074280117      
70          -11896.735105552811      
86          -15946.795928158706      
80          -14824.249522743534      
81          -14625.09038226309       
78          -12247.921193241318      
85          -16629.302569557913      
91          -19368.044347235758      
77          -13232.539027459157      
68          -10155.092407915519      
61          -8357.2470077908456      
56          -6820.5408103652599      
48          -4755.5630875644902      
53          -6788.7263966263627      
68          -10223.135920585655      
57          -7373.3795021502401      
50          -5189.7770092829569      
56          -7082.160604280054       
66          -9459.8123838223091      
52          -6737.6595333173236      
72          -9444.4194764798322      
94          -19552.642998825922      
95          -18491.274506181016      
93          -22340.275798345185      
96          -20008.619729553975      
107         -26293.713051156094      
98          -21627.509210578337      
103         -23759.735807057925      
105         -25143.667100602608      
101         -22566.18227472026       
94          -19928.543370806226      
98          -20469.798540230033      
93          -20213.279366391183      
87          -17618.121770394413      
82          -13745.392902190539      
74          -13316.752555175603      
57          -8497.5891708075396      
62          -9267.8752143163911      
66          -9700.9745315184355      
76          -11725.797457420189      
67          -9951.2076265323813      
63          -9798.110957239207       
60          -8343.9354140665073      
61          -8386.0049026246597      
56          -7645.0653337415288      
70          -10703.455006628541      
88          -16698.603001979816      
91          -18190.983016096034      
76          -13782.227786851745      
83          -14040.654403522383      
90          -18391.71989841044       
75          -13429.584466862476      
76          -12330.926838656202      
75          -12425.923263227876      
70          -9831.6195118267642      
65          -8884.0228277937731      
64          -8432.6972497199513      
57          -6739.8517134199747      
45          -4673.2958742136216      
46          -4669.4819840053024      
49          -6513.0418507226213      
56          -7435.5167223066528      
60          -8659.5147783562024      
70          -11725.720477158506      
62          -7828.7951402341869      
60          -7857.3838115820326      
76          -12544.182971016151      
78          -12056.944254837668      
66          -9560.166965299044       
74          -11873.364971823061      
60          -9152.6677109889315      
51          -8371.3161908242419      
61          -8693.0994990483177      
65          -10669.707353660833      
65          -9430.2926574577286      
55          -6687.6193364038891      
40          -3731.485714064424       
29          -1683.932419392813       
34          -2726.4169576350814      
36          -3436.3320621088246      
50          -5111.8026013342906      
66          -9297.4295796072038      
68          -9831.5608640775517      
52          -6735.8402744118266      
47          -6394.6250101923824      
34          -2264.9415428050311      
55          -6142.0885396994645      
60          -9534.1232247366879      
61          -9553.1878683885861      
60          -8248.1436278579004      
56          -5479.6041869898781      
58          -6990.8939999614931      
66          -9452.8454841235871      
69          -10846.199298425794      
78          -12971.046032189783      
72          -11790.05238435952       
76          -14584.69653098954       
86          -16269.254194178809      
81          -12574.79562327245       
84          -16114.187818290209      
71          -11878.507293549032      
75          -11224.153952107068      
65          -8143.3734042655551      
57          -9315.9697933574553      
51          -5852.1515682584832      
51          -6337.8977614708001      
29          -2387.9710015782557      
48          -4787.9829066227585      
50          -6205.0317835751239      
53          -6070.3034052837857      
51          -4667.7693206144686      
61          -7431.3503242553552      
54          -6582.6123599937027      
70          -10901.496534377313      
69          -9811.3337945249859      
59          -6393.4496833065677      
74          -11585.732338674488      
55          -6453.2559256907798      
57          -7119.1853499851877      
68          -9377.5150776054943      
77          -12300.907729853958      
73          -10942.03538312333       
73          -11540.281783368762      
60          -7864.762978137589       
63          -8615.1372526724863      
49          -4912.2864514101566      
52          -6895.5490034511959      
57          -7082.4289592398336      
61          -7608.9771991669977      
80          -15180.61688627709       
66          -10294.069460375531      
48          -5481.3016173342812      
58          -6590.6468400247186      
59          -7572.9660979201872      
45          -3728.8451276098326      
47          -4111.4596280385595      
50          -6796.084555439772       
53          -6218.1754617726083      
59          -7398.8385729387473      
61          -8557.7154561396292      
53          -6365.0083493918792      
50          -6467.1028548245649      
75          -12470.805803382231      
67          -11152.898179796415      
80          -13301.648148237324      
83          -15494.488918124809      
75          -12945.893199681414      
59          -7331.3214596581438      
72          -11014.089734951356      
64          -9041.1933924390432      
71          -12156.360276909279      
79          -14626.767936979957      
65          -9868.5295168441953      
56          -7041.7500447539524      
52          -6335.0199405935282      
61          -7236.6035568591897      
66          -9749.2183716845666      
67          -9088.8620809813601      
66          -9752.7627579613945      
58          -6487.3061566693086      
71          -11094.885002235271      
73          -11535.578047663248      
83          -15120.344664276507      
86          -15580.537756885698      
67          -10228.441806088222      
87          -15430.112850280822      
79          -13031.317684887363      
62          -8308.9806296391089      
66          -8808.0977254911031      
64          -9616.3701620778302      
69          -9781.4994811444631      
84          -15213.583252228485      
89          -17037.991466827963      
86          -15799.026871444763      
66          -9004.6106856515125      
76          -11327.93221689209       
87          -14824.152876467491      
80          -13430.844358067789      
80          -14277.195584047891      
97          -19816.013748927813      
113         -26060.438852512045      
106         -22441.716661845829      
129         -34087.647788146714      
133         -34898.692385641036      
136         -36277.348482121277      
125         -31625.170856257959      
130         -34238.676702730161      
145         -41915.518645619231      
139         -38911.920022139173      
124         -30304.674290610714      
113         -25623.442916404467      
103         -21798.167962274612      
83          -14774.786513820141      
89          -16845.032520275898      
96          -16914.095987620567      
102         -20492.524559119662      
101         -19450.807900264732      
92          -17663.963542199945      
87          -16239.695863357374      
94          -17504.784373527869      
65          -8626.839702279327       
78          -13225.713511412214      
61          -8748.5162693657658      
66          -9459.6755444695427      
56          -6259.522317987371       
61          -8815.3358790700277      
34          -2787.2183874855218      
42          -3926.8739481117268      
53          -7185.8332531785645      
57          -7537.0932519956696      
47          -4610.8146331826174      
46          -5053.4215656969454      
54          -5831.0530898954321      
64          -8597.8364765617243      
63          -8484.5641894753408      
50          -5168.5661743961791      
50          -5441.0533044220665      
40          -3975.1426524287817      
42          -3369.5002434674284      
39          -3649.3205177275886      
44          -5509.3307685373366      
53          -5835.0019962559336      
57          -6600.678319213851       
71          -10022.423623950286      
66          -9604.6160777173718      
70          -10707.173977583285      
60          -7694.0331948332687      
69          -11273.992236877288      
69          -12085.797334572228      
68          -10828.912412140495      
71          -10905.968871434845      
67          -9989.7520137860574      
70          -9642.7130262178307      
81          -12526.580254441684      
74          -10758.822782905801      
58          -9728.5178985866114      
61          -8553.0951648205955      
56          -6782.5740049351625      
65          -9562.0638903779982      
61          -9486.5124644721691      
59          -7829.0716298218258      
70          -11093.190828022125      
63          -8565.2265521991558      
68          -9535.3215606850317      
70          -10695.839409461412      
62          -7900.3487576173893      
69          -8822.9473378738439      
79          -13635.305663132796      
70          -11272.247692203888      
78          -12298.549135403073      
75          -11847.758855105089      
78          -12650.1905103474        
79          -11600.230378027314      
70          -7990.1718526796176      
68          -9525.3786485896708      
58          -6690.0732845637485      
54          -5928.9361350642494      
57          -6265.4354126178514      
51          -6639.7482595023339      
59          -8110.4896533292285      
73          -10911.386635544739      
71          -13622.580707190773      
63          -10214.705018974446      
74          -12540.928877394743      
69          -10343.064443367808      
77          -13708.857647582296      
81          -16352.513102652776      
91          -17768.34098058641       
69          -10457.923838226445      
60          -7128.9004914138277      
75          -10984.403537826298      
74          -10362.739656633843      
68          -10257.059840569482      
61          -8468.5879369520608      
57          -8322.2889348254048      
62          -8033.415483301621       
59          -7003.5629316048917      
59          -8769.8502489589137      
57          -7460.7477075301731      
56          -5772.1537677546912      
53          -5560.9018607267553      
53          -6273.5798231819572      
65          -9643.4600523192712      
77          -13350.085303642889      
74          -11713.604752035708      
69          -9832.61926138745        
85          -14891.222403811942      
64          -9194.0413144367321      
55          -6361.5110693015913      
66          -7695.5504453742251      
61          -7870.8479506394306      
44          -4053.4585528628622      
45          -4082.898417575012       
54          -5504.0225432170773      
52          -5799.7193038187006      
50          -5726.0645768831619      
44          -3822.4236663171705      
39          -3527.8063869524749      
42          -4537.6791445480922      
37          -3965.7869442246401      
51          -6456.8591186035319      
36          -3741.0880656375061      
36          -3254.2858844493753      
31          -1924.350530789716       
44          -4735.7581860412411      
49          -5342.1370030356466      
54          -6878.8619823399231      
61          -7941.1853783383303      
63          -8447.4220838477304      
75          -12464.887116578535      
74          -12672.617565611803      
78          -13195.205774608492      
79          -13777.824235490478      
83          -14039.721507929755      
70          -10426.20214560935       
75          -12053.06402145543       
96          -18729.138092863894      
98          -20495.017367023171      
96          -17402.501925277342      
87          -14368.58415792011       
70          -9402.5670692712865      
76          -12331.604480873712      
72          -10776.1686572942        
79          -13219.799068957591      
72          -10772.160939758587      
73          -11187.968441535013      
49          -4512.3584673764799      
50          -5639.7525317872924      
56          -6664.4914608452109      
71          -12376.81366926639       
63          -8610.8200201988693      
51          -6561.5836262864996      
52          -7016.2901014169329      
52          -7557.6420477219872      
53          -6980.3429865878643      
68          -11170.054727434652      
78          -13046.230148412111      
81          -14272.573160883445      
77          -12062.291717694043      
67          -11298.526507543924      
72          -11097.700956579803      
79          -13553.89513956755       
74          -12517.666780039801      
81          -14736.22166583818       
82          -15941.180759476318      
100         -23333.632509713745      
110         -24705.720445413077      
97          -18818.89174275042       
97          -18948.697242855822      
88          -15783.71593916139       
87          -15468.33909875465       
94          -18546.867865191842      
97          -19258.103815555969      
118         -29402.479012981556      
125         -34127.428379106917      
129         -35734.908390620498      
120         -30180.542503359982      
115         -29405.965095606942      
115         -26915.413970320609      
129         -34122.179964893505      
110         -24861.282206048687      
114         -26004.963082158451      
98          -19634.30779081057       
99          -21041.715064834269      
86          -15952.23109311798       
89          -16889.896081677711      
89          -17688.317441586616      
73          -12664.32753339722       
74          -13618.791433041879      
70          -11552.436964323591      
70          -10418.128692039267      
55          -7019.3421317357115      
51          -5574.8060409565269      
40          -4644.0691410687577      
39          -2965.6412700424112      
32          -2070.9525731646922      
46          -3419.3817065891849      
57          -6997.761644076103       
61          -7194.1008641320423      
53          -6938.1880946596848      
49          -5853.7108239857789      
50          -6842.2809383089598      
70          -10997.084932079533      
59          -8175.0969533666748      
59          -7828.4602835075466      
53          -6321.7762237915776      
51          -5106.8773317863979      
44          -3921.8606405920541      
51          -5750.7942540608874      
62          -7961.5443684778629      
53          -5428.2949352666783      
56          -7107.0825066030211      
68          -9061.4386086094073      
79          -13835.997223943968      
79          -13207.744448939893      
61          -6947.849549170217       
59          -7394.3640889451872      
69          -9846.9512856986203      
43          -3961.2485594425807      
50          -4819.7120683401517      
39          -3353.0202341187628      
37          -3344.3777584128907      
41          -4072.2765498620488      
47          -5064.6980208198411      
68          -9692.0646444617232      
67          -11061.842050469253      
69          -11695.329703402678      
75          -13356.963566598057      
73          -12868.751258081989      
61          -8174.5210918519051      
47          -4425.2398527754704      
40          -3792.782986756084       
47          -4393.0252402406404      
48          -6701.0269373585943      
38          -3329.9642017056067      
52          -6837.2341413957156      
64          -8896.8433829871465      
61          -8467.1126227271634      
70          -10812.478844352283      
67          -11146.572556888988      
82          -13481.081558543214      
87          -16286.055657339359      
61          -7991.0578619470416      
67          -8814.5654249385043      
56          -6333.2517004503206      
61          -7310.7041313173704      
70          -9129.7452151441557      
53          -5582.2855972563284      
43          -3845.8367832745071      
46          -4811.5863696225742      
49          -4338.3124744047363      
36          -3463.8555887799976      
44          -4118.6912518595946      
34          -2786.0954367189333      
33          -2193.2062628580306      
38          -3276.5505365997019      
44          -4773.8436886411773      
58          -7849.0495353010465      
53          -8037.3343615104586      
57          -8098.2067766084629      
49          -5719.7983348324024      
53          -6259.7745911251595      
49          -4639.1981907638492      
51          -6581.2479856667105      
60          -8599.8066621532162      
54          -6523.5083340546053      
47          -4756.3735667043129      
44          -4707.9403116535032      
34          -2475.6247210331348      
49          -5655.5311347115739      
45          -4229.8594012654166      
49          -4302.3636632153903      
67          -9327.5285696189494      
62          -7826.5881859903093      
59          -7406.0503259846864      
61          -7514.1929186506532      
55          -6296.158939086723       
67          -9136.7303405912389      
58          -7429.2257028570893      
60          -8512.9642002501387      
53          -6186.3012679135991      
62          -7814.064152546046       
68          -10381.789358024706      
58          -6811.8654966033373      
57          -5869.8257241058172      
48          -5348.703786945669       
52          -6985.2104313763139      
56          -6790.7151617678946      
59          -8186.2305609526611      
56          -7678.584740038873       
52          -6260.278696710111       
52          -5256.3026661677577      
56          -7403.5541681466766      
67          -9815.563556640549       
50          -5498.9763356458516      
65          -9435.6748635578133      
64          -10024.968751907027      
63          -7654.5397680033848      
64          -8499.7105613059448      
62          -7598.4851253389761      
65          -9273.1248385749859      
65          -9200.0228751639243      
58          -6764.1380479835661      
72          -10601.754379195592      
64          -8429.2617432498191      
48          -4358.8945422411671      
44          -4307.9211023092166      
51          -6450.8032381825069      
58          -7805.0323026140559      
56          -6786.7722162074842      
41          -4587.0046808890474      
51          -6937.3803239465024      
41          -3092.0796788974376      
53          -6036.7072612060065      
55          -8136.9186078988578      
69          -10776.777299163572      
57          -6709.5119750514068      
62          -7456.1158267975907      
70          -11847.335654589062      
71          -10934.732201001181      
70          -11045.684454598815      
48          -5045.0374242924436      
65          -9537.3079181583071      
45          -5101.370231357485       
61          -7591.3079899301465      
69          -9496.559817014655       
75          -12761.169277834388      
77          -12622.616940702492      
74          -12320.531506765694      
69          -11211.329616707866      
73          -10957.656066920728      
58          -5986.72750115708        
64          -8235.5238214456367      
58          -5985.5316331868626      
56          -7151.232984123184       
62          -8224.5171935268063      
65          -9141.3681042003991      
69          -10953.424134278275      
