290 1 -2605 25 25 25
142         -313390.93805572891      
143         -317686.83701393311      
145         -324821.37490026822      
144         -323003.61512713588      
143         -319066.77902199666      
143         -319306.85022588732      
143         -317515.34132392518      
143         -317922.36141235102      
143         -319461.58915052074      
144         -324554.15834377025      
144         -321763.98464936792      
143         -320436.24082993751      
143         -321243.3175796431       
142         -318506.35911590565      
142         -318685.94357755815      
142         -315892.29451587202      
143         -319762.21096382086      
144         -320766.67636652774      
141         -308134.02530109824      
140         -302462.94293823192      
141         -306970.95511265204      
142         -309126.6368803567       
142         -310805.20706708531      
142         -311683.86720714346      
140         -306425.8938193713       
140         -304677.31606078881      
142         -309038.88134566153      
143         -315620.84321961494      
143         -316543.02063374361      
143         -312578.41758740437      
141         -303278.76542702364      
141         -303973.66778736713      
142         -310877.91978127504      
143         -314962.71937227261      
143         -316576.45164195239      
143         -314950.69125725614      
142         -310318.05817561166      
143         -313257.71388972859      
144         -313713.8843484589       
143         -311723.28810567781      
145         -319396.68578563671      
145         -322331.3301916169       
145         -319775.06408122496      
143         -315847.03170065192      
143         -316861.43457978911      
144         -322585.5456053238       
143         -321672.85741547367      
143         -320899.98934677587      
142         -317115.86260618211      
141         -312532.46014589519      
142         -313309.14343883947      
142         -313628.67207982705      
139         -306226.05468533922      
140         -307707.85638901277      
140         -306201.2513995847       
141         -309867.7087087676       
141         -309178.62014072016      
144         -320110.34000697325      
143         -317049.22738268669      
143         -316567.18773980829      
145         -324470.55811354739      
144         -323188.09726652299      
145         -325785.32616310532      
144         -321925.79737947206      
143         -320006.32736842649      
142         -318455.95830259111      
144         -323910.74448093778      
144         -321611.38779611478      
144         -321454.48214391706      
144         -321021.60960659268      
145         -325292.67146185914      
143         -317881.16766842804      
141         -308662.35576169618      
142         -312146.00884331379      
142         -310683.71686468768      
142         -307935.08550747822      
143         -310526.79652729782      
143         -312940.48336796137      
143         -311869.96629299846      
143         -310468.93396868143      
143         -309338.85342037358      
142         -306193.89019776828      
141         -301068.6394067239       
140         -295915.91610915354      
137         -288464.49048446584      
139         -297841.03682351962      
140         -299670.99936542561      
141         -303364.12026203913      
141         -302953.85043464683      
142         -304714.24711495795      
143         -307175.10473697295      
142         -305243.95929336909      
141         -298621.08787170792      
142         -302594.6283436839       
142         -301168.90971087874      
143         -306072.52846346947      
144         -313129.62756937975      
144         -310241.79880417086      
144         -311969.27299180103      
144         -315279.15788612841      
141         -303503.30157243495      
142         -305950.84137613315      
142         -305268.66313503665      
142         -305637.86198923277      
143         -308823.15281272301      
144         -310006.90157857584      
143         -311593.67818721675      
141         -305489.67432564695      
141         -305924.48249743355      
141         -306652.8881978445       
140         -303800.93260848452      
141         -304817.80415938399      
142         -309669.78903480177      
141         -308620.73585398315      
141         -309806.1057233765       
141         -310495.52199207799      
140         -308346.58907984337      
142         -313967.05128625553      
142         -312579.45739022683      
142         -312478.48089742661      
140         -306354.98849831172      
140         -304936.14574875246      
140         -301723.69076292519      
140         -303388.89163006237      
140         -302502.16123290139      
141         -307452.85717707209      
141         -307150.82132711605      
140         -303233.5829369073       
140         -303037.56276778696      
140         -302827.6815009584       
139         -298535.24669660651      
138         -295872.81270876783      
137         -290685.31511496147      
138         -298299.20966753201      
138         -295934.08515914308      
136         -289447.08341186715      
136         -290371.00100843003      
136         -290158.92066991312      
137         -293474.32723867369      
139         -301551.56696406624      
140         -305954.15534735093      
139         -303913.64546741702      
138         -301845.54551418254      
138         -304033.44842874067      
138         -303203.17166582705      
138         -303455.66336261248      
139         -305549.93694545282      
140         -306513.18683550984      
141         -306120.4317803664       
140         -307503.90898241801      
141         -307010.96875597851      
140         -304607.52173025289      
140         -306345.79159199039      
140         -305470.32264867821      
140         -302179.14925812004      
139         -299776.46000838245      
138         -298545.63540092239      
139         -298143.50388899085      
135         -285543.9925961491       
135         -283836.96212530002      
137         -288686.53099523613      
137         -290324.56842927664      
137         -291106.46734125656      
137         -288695.27829146752      
137         -288259.88273970725      
139         -293301.64996651566      
138         -294907.95847906882      
138         -293468.76126055769      
138         -295231.95223712485      
138         -295340.28752817493      
138         -294792.0217010309       
139         -295471.44938966265      
138         -289950.25243076234      
140         -296223.59444784303      
139         -294937.72300230683      
139         -294233.04000542709      
139         -292992.46092777379      
139         -292762.79876206222      
138         -291841.3150223486       
140         -299877.44754169672      
141         -302220.62288407737      
141         -300334.70158032287      
142         -303699.13657589734      
139         -294503.34687655402      
139         -293647.27004651795      
137         -288314.5410328171       
137         -288972.81951953896      
135         -282473.47179774917      
137         -289828.55100517906      
136         -284730.20419978746      
138         -290091.07957082248      
139         -293266.97288823873      
139         -291105.68379881885      
139         -291041.20418971661      
136         -282264.43785901996      
139         -291503.09789652331      
139         -294020.8483321665       
139         -294680.6047784012       
139         -292742.05274023255      
139         -285987.4727010823       
139         -288489.99496531405      
139         -289450.04575416585      
137         -282270.11689791596      
139         -292526.10375567077      
139         -292468.5730829502       
140         -298692.0600049257       
139         -298528.63709779037      
141         -302890.63335527165      
142         -305591.64792161022      
141         -302908.19033689389      
142         -307251.83490632894      
141         -305219.35160430637      
140         -302460.00280987233      
143         -309887.20117629837      
141         -305439.62983256427      
140         -301487.67492808169      
142         -309025.14085093053      
141         -307388.40566629986      
141         -308614.65461062087      
141         -310326.73670978006      
143         -315035.23858101963      
142         -310921.23194014281      
142         -309684.84632453171      
142         -309582.57821631926      
142         -307075.63746030489      
140         -301233.92360714654      
139         -299310.4724644646       
138         -298818.90201509697      
138         -298111.63531700947      
139         -298819.18108744884      
139         -299780.34991885675      
140         -304280.31996285013      
140         -303432.08163283655      
140         -301754.62928013573      
137         -289910.53340698045      
137         -291973.8966317228       
138         -294313.74321223691      
136         -286418.70987497724      
137         -291837.79022085894      
138         -295005.66630179901      
137         -293462.01643113536      
138         -293638.01029083633      
135         -286172.34788652125      
136         -290801.54014522559      
137         -295337.07694386935      
136         -292406.7693015621       
137         -295248.60022326867      
137         -293966.20837550348      
137         -293467.19598576083      
139         -299709.77794278797      
139         -300084.2653531048       
138         -295885.29878474993      
136         -289035.24214713043      
133         -279854.01170432603      
137         -293842.16058640671      
138         -296380.6638503843       
138         -295531.9278937676       
139         -300102.34461106267      
136         -291084.08788988041      
137         -295765.6145722295       
137         -295044.81140317267      
138         -300614.51759556448      
138         -301253.19118596741      
140         -306831.53153867146      
138         -299753.81699373433      
138         -298381.78518812871      
138         -299485.18020103936      
137         -295163.30945856118      
137         -298085.38374200172      
137         -300811.03422980226      
138         -298973.82895232225      
139         -302575.53530919953      
138         -297453.56416347297      
137         -296760.30770807457      
140         -303926.70226563385      
141         -307090.7826951007       
140         -303247.18133782421      
141         -306800.67817131104      
140         -304150.70420238248      
140         -301939.52986950456      
139         -296168.23480320512      
139         -295347.27090014447      
139         -295170.68083598622      
137         -291258.17956086807      
136         -289280.43729799456      
136         -288543.98299549555      
133         -280977.26581442321      
136         -289215.16394590464      
134         -283128.71380122541      
136         -288480.83824194875      
135         -286581.88867866585      
133         -282464.62401059171      
134         -283814.67973962752      
135         -285498.8168109621       
138         -295815.66943233158      
137         -295197.22404170036      
138         -298394.48996447265      
137         -296116.70200091181      
138         -300064.651756634        
138         -296832.62672757421      
139         -300292.37421442574      
140         -303678.63218709116      
140         -304902.09551158233      
139         -301859.72686820291      
139         -300542.44103157381      
140         -302169.56488061289      
140         -303047.84961977613      
140         -304452.35432007385      
141         -307983.51837763481      
140         -306057.37083347293      
141         -311257.05122444668      
140         -310515.28042212466      
140         -307843.45186916704      
141         -311798.93540169427      
141         -310841.61811855849      
141         -311980.17987329501      
138         -302678.69745583914      
138         -303091.93676733028      
138         -305091.26355492813      
138         -301436.11649941048      
139         -305989.45698616235      
138         -301221.28498398582      
137         -300744.39486760675      
138         -301918.17102014151      
138         -302352.72700795869      
139         -306033.35684221506      
139         -305767.59816780727      
140         -309446.96134837461      
139         -306932.80305241735      
138         -300438.70832582051      
137         -296153.06769752328      
139         -303818.45836467412      
138         -297279.54712539585      
139         -298937.84915321658      
137         -294302.17279177578      
136         -289886.31447803625      
137         -291083.85936296458      
139         -295481.94894705364      
138         -294457.26817748643      
136         -287705.28034277936      
136         -286266.01009431877      
138         -294602.63341346604      
139         -296035.83954221045      
137         -291964.4458032971       
137         -290389.32924865326      
139         -296541.6858203088       
140         -300339.357845422        
140         -300770.4669827614       
141         -303728.63292630052      
140         -299294.77362918376      
141         -301458.38777604687      
139         -299022.31677051424      
140         -303748.11550300824      
141         -306039.79666134645      
140         -301453.64695512038      
140         -302157.00102463947      
140         -300803.76397417963      
138         -294722.73812437523      
138         -294809.00080786069      
137         -287664.26339139277      
138         -288619.42117983603      
138         -287398.23893476272      
138         -286015.64268298686      
138         -282921.35875921533      
136         -277377.74613114411      
135         -274441.10391887324      
137         -282703.31936158467      
135         -277765.60627899703      
137         -283896.39586367004      
137         -283553.76898823783      
138         -289178.08224712434      
139         -294834.96243295155      
139         -298057.89332683221      
137         -291728.14963527431      
137         -291962.14084825711      
138         -292637.8922368749       
138         -292367.33513341844      
132         -271566.43927251128      
132         -272074.11017638777      
134         -277346.20585260203      
138         -291389.07358650491      
137         -289926.20057123573      
138         -292030.08310265129      
138         -291689.76165094902      
137         -289432.59862027061      
137         -290565.92753053282      
137         -289490.97494666977      
136         -287679.54429076647      
137         -291409.63746728061      
139         -294763.02845852601      
139         -296344.39840903104      
140         -297626.48519708455      
140         -298759.93718275148      
139         -295666.70551097544      
139         -295492.24573391117      
138         -292665.01323241659      
139         -297305.53399150015      
139         -295466.72535316332      
139         -295847.30671503488      
139         -298573.0333840464       
139         -300214.06649998081      
140         -303743.29799251101      
141         -304304.5047859156       
139         -296904.2405482959       
139         -297597.20303117658      
138         -292648.2410709213       
139         -295310.70934628393      
140         -296913.96969124558      
141         -298616.61446119263      
142         -304698.4339828497       
140         -296955.04975835269      
140         -295032.89012037718      
138         -287979.21019615803      
137         -284930.17616539326      
134         -276933.89086135494      
133         -271194.66172372457      
132         -271745.3512134552       
133         -271925.94404911809      
133         -271835.95391559578      
133         -271938.82950046484      
134         -277994.08451248019      
133         -272034.13928148698      
130         -265501.36744200718      
133         -273502.86853756668      
132         -275268.56152957765      
132         -272875.99065841461      
133         -274105.32449281146      
133         -276764.03152249649      
132         -272919.71816979535      
135         -279606.59665348474      
136         -281676.82540845673      
134         -274352.8045249813       
134         -276143.99920447438      
135         -278804.19554104737      
134         -280237.92892731156      
135         -280254.53641248646      
135         -282141.98254122643      
133         -277064.68869532493      
136         -288868.70814804512      
136         -287634.68541016616      
137         -289937.20483826473      
138         -294768.0052537797       
136         -287856.63721153839      
136         -284952.04565434251      
137         -289025.1567958782       
136         -288506.12213749357      
137         -292019.8171094904       
136         -290189.70859660191      
137         -293673.9689615696       
139         -297475.56867660594      
140         -299294.00068810373      
140         -299217.53722896578      
140         -299573.78994665435      
138         -289479.8317561592       
138         -289824.41261516721      
138         -289838.16773658089      
138         -291247.65478844842      
140         -296763.10630644485      
140         -299492.15816794429      
139         -295263.79068972071      
139         -295564.41649290768      
139         -295127.06037067273      
139         -296330.09620185813      
137         -290114.71065714024      
137         -289584.36652095895      
137         -289194.04123952478      
138         -295355.66323584109      
138         -293336.1573721451       
137         -287747.79636082676      
137         -283808.86828218185      
137         -282757.99810147251      
140         -289535.76163294446      
137         -286228.98355325218      
139         -295368.52714115795      
139         -295606.60356912552      
140         -298468.58207399747      
139         -294897.8869679023       
139         -297055.60539213556      
139         -292246.02616613696      
138         -288918.27548405842      
138         -290589.13127861306      
137         -288517.7030647549       
137         -292534.84119020787      
138         -297613.61506024818      
139         -300742.0015955352       
139         -296530.18820012949      
139         -300077.09832250938      
138         -296953.97158043721      
136         -288110.90829564311      
134         -282782.62404034595      
134         -282985.2495442928       
136         -289973.35952266376      
133         -281563.88951937022      
134         -285095.08836272429      
137         -293093.38276598795      
135         -288449.4929392389       
131         -278614.78591220325      
133         -283374.08469240321      
131         -279153.50581134262      
133         -287071.97598091239      
134         -289327.36425295018      
134         -291275.09461299097      
135         -291332.86727297405      
136         -294639.42774773517      
137         -295358.79441326403      
139         -300712.56677293364      
138         -299958.94342831481      
139         -303595.69845712284      
140         -307164.62894758943      
139         -305197.97283417091      
140         -308235.60510313045      
140         -308405.54707658628      
141         -310268.97525633144      
142         -313030.53513338824      
142         -310610.16316277668      
141         -307733.92441180174      
141         -306789.88676621101      
140         -302613.60157098039      
139         -299615.78403994319      
139         -299269.99470906833      
141         -303776.54279849411      
140         -299799.80635857         
139         -295913.31859717122      
138         -293301.46809323446      
139         -298295.92362113792      
139         -296558.91440499353      
139         -297430.53481378569      
140         -301899.96428639337      
140         -304020.87591154937      
139         -301873.59414803452      
142         -310731.8028931861       
141         -306697.96783447999      
142         -308009.13199876831      
143         -313756.60711544682      
143         -313368.31485964672      
143         -310687.8605765244       
144         -310836.66560301458      
143         -308954.95809719799      
143         -310340.42777835688      
144         -312131.35106080119      
144         -312749.70096849784      
144         -313270.02635235526      
143         -311272.37642411247      
142         -308546.82531047647      
142         -311543.54710255895      
143         -314203.33919447009      
143         -312268.26746704185      
141         -307338.42719557986      
143         -313277.83768322231      
142         -310763.9023541616       
143         -312078.66248048493      
143         -310464.55954959814      
143         -310688.59830252128      
145         -319102.91681409697      
145         -317791.42089802248      
144         -313338.87587225519      
141         -303242.94320525415      
140         -303494.70946577808      
139         -299426.68713079381      
139         -297179.9106048065       
140         -300976.6487363294       
138         -292999.68635062245      
136         -284315.82895495585      
137         -289329.46155155089      
138         -290542.13378036866      
142         -302927.10419375083      
143         -306526.78420586098      
141         -301610.04160188232      
142         -304364.1558808944       
141         -304946.4048293489       
141         -302870.54641956044      
140         -301337.54881044303      
139         -299408.80444511306      
142         -308568.28047648148      
142         -310954.00067995104      
142         -309490.3143248359       
143         -314134.25562904176      
143         -312862.2972896088       
143         -314030.10628284462      
141         -309704.33761077188      
142         -313462.01325616764      
142         -312682.84541736654      
142         -314167.08662264864      
143         -314517.36755924294      
143         -313223.73538662866      
142         -309828.47573732265      
142         -309514.99043984286      
142         -310479.55845266394      
140         -304592.55170274485      
143         -314570.93425774632      
141         -307441.35026560235      
141         -307722.08198534371      
141         -307637.69849603402      
142         -309692.92559034773      
142         -309370.73674258881      
142         -311012.15561707201      
143         -313757.46236953931      
143         -314412.43650909886      
143         -314923.12694241421      
142         -312203.25686296343      
143         -316474.0730261397       
143         -317165.89070710953      
143         -316502.316237972        
142         -314742.82443708356      
142         -311836.00446687202      
141         -311185.69467709493      
142         -316099.08629914408      
143         -320066.05217282625      
142         -316676.14314464247      
141         -313634.52425703261      
141         -312177.15863178967      
141         -312552.55243602942      
142         -315822.03208045801      
142         -315171.45585200912      
142         -315145.9159972982       
141         -314378.32620398502      
141         -312436.04244818329      
140         -308702.39294512908      
140         -307388.45988626895      
140         -308041.9076061201       
140         -308892.66633325303      
141         -311893.42985482689      
141         -311449.10767078924      
140         -305997.66317180451      
139         -303661.72365788335      
141         -310033.850247444        
142         -313257.97236116219      
142         -315090.15494310844      
141         -309921.48137861537      
142         -311286.27807903755      
142         -311706.74718359532      
141         -311863.04905272461      
141         -311960.17835091718      
141         -310170.49954008078      
141         -309818.13348686881      
141         -311056.43306859117      
141         -309671.04393582337      
141         -307924.06013457238      
140         -304860.14916399942      
139         -299770.50539722445      
139         -302774.8626403698       
138         -295465.51364859694      
140         -302034.6656763904       
141         -301429.30474496994      
138         -294744.96224191244      
139         -299860.06072183838      
140         -305125.93391723756      
140         -305596.19497217156      
140         -304251.23134697368      
141         -306530.03720752057      
140         -307596.74810988153      
140         -305430.09553555929      
140         -303204.04415246         
140         -299768.2113967461       
139         -294655.8088919982       
139         -297251.5930838834       
140         -295836.78298616514      
141         -299885.75940271234      
142         -300730.31153461547      
139         -294772.28233936621      
139         -293980.68650874449      
138         -293349.7628570128       
139         -295881.25333688874      
140         -300705.8133672406       
141         -303672.30300063838      
140         -302406.72155170981      
140         -300704.31878295634      
137         -292169.58055048971      
138         -295687.48228371411      
139         -296047.1523981042       
140         -299623.49449845677      
139         -294589.41114787041      
138         -290091.76044714701      
138         -289559.67831419007      
137         -285443.18598186958      
138         -288089.06579010852      
137         -286303.87003722624      
136         -283404.76542247925      
136         -282741.02931431797      
139         -291912.35231015773      
139         -294339.53685311013      
140         -296968.36138187733      
139         -296615.11092127219      
138         -294362.15262865566      
138         -296533.97754891327      
139         -296912.83276505861      
139         -298067.40467644914      
139         -297405.75113283715      
140         -302057.73980360373      
139         -299873.78330232034      
139         -300207.69284773164      
140         -301051.68434992305      
138         -291888.18363338173      
140         -300078.68577103573      
141         -305502.89968294528      
141         -309486.64890124998      
140         -306372.65699955024      
141         -309824.09967973287      
141         -310075.7661312297       
141         -310486.99344210944      
140         -306704.6624168572       
142         -314990.74594587449      
141         -311142.57664231339      
141         -310192.05546680535      
142         -311288.52019677078      
143         -314966.40982199303      
143         -317104.22684298048      
142         -311492.4770383705       
142         -313205.41154016904      
141         -307503.49461727496      
141         -307457.4283997576       
142         -312620.86658770649      
143         -315200.71138578682      
142         -310771.86014886224      
141         -306680.87148319895      
142         -312233.51381097804      
140         -306513.0252017224       
141         -308742.55026222649      
142         -310404.78339767351      
142         -309532.10390565166      
142         -313186.62547919847      
142         -314383.56454848859      
142         -316406.21783066564      
142         -316566.0379188637       
141         -312428.55195605388      
142         -313605.56888740347      
142         -317166.73906211252      
142         -319168.27398163488      
140         -312124.90171810682      
142         -314718.04976670176      
141         -310678.11096280231      
141         -308556.16274426342      
141         -307568.57348514866      
142         -310240.60991793976      
142         -310082.0694030305       
141         -304347.13728383789      
140         -300659.00993006548      
140         -303486.58583045949      
140         -303991.24283431185      
138         -300060.40787090105      
140         -303954.96101095458      
140         -305386.64797208528      
138         -299433.427614477        
141         -307595.80074582103      
140         -303608.75620564725      
140         -302970.96480065049      
142         -305444.22785075603      
143         -306828.82130787685      
141         -303610.42559987475      
143         -309517.84419279953      
141         -305169.50545935123      
140         -302030.34584069438      
141         -304270.11903724127      
142         -306350.20647687541      
141         -304831.98514217773      
140         -300361.51099173911      
141         -304321.72746762243      
141         -304633.83933650592      
143         -311710.87934054056      
143         -314413.57355827332      
143         -314223.01925409521      
141         -310489.82045045466      
142         -313000.10319254885      
144         -314840.71432715096      
144         -314632.93804811861      
144         -313883.20417893806      
145         -317196.20938997192      
145         -316317.06549738406      
144         -313427.39067712938      
143         -308136.00109934143      
143         -310702.58861069888      
141         -303257.86617791874      
142         -305814.0321199724       
142         -307525.4611052649       
143         -312635.96114998049      
142         -311037.23448195797      
143         -310099.91201482067      
142         -309012.45793686481      
143         -314554.91658910282      
143         -312795.17496776325      
141         -307524.46818010416      
140         -305213.45950231783      
141         -308891.3996518685       
143         -314373.32568267407      
143         -311511.04900602222      
143         -311137.35060380708      
142         -306100.34360445582      
142         -310326.65155652573      
142         -311261.00962730206      
142         -311355.46834119852      
143         -315537.01927141985      
143         -316993.76272840059      
143         -317955.33657419536      
144         -322360.67495932727      
143         -320011.29922504403      
142         -316457.31545831257      
141         -310942.84841302002      
140         -308182.23436255031      
140         -308997.14483234106      
141         -308327.1285323315       
141         -306032.94938767439      
141         -303139.09127949015      
142         -308693.69825150096      
143         -311048.52985683928      
144         -315471.28393648041      
143         -311861.92645445466      
143         -314125.70948211435      
142         -310629.86664208485      
144         -316769.75753438409      
145         -321455.82199657545      
143         -314546.95796725486      
144         -317174.03038312221      
144         -316742.67810205586      
144         -316833.4550361755       
145         -321908.73819273512      
144         -318592.03381322225      
144         -319506.73656362505      
143         -311815.56442504842      
144         -316802.84144386975      
144         -317252.66973198799      
144         -316897.52915847872      
144         -317343.90098363679      
144         -317593.40798973787      
146         -322149.6777886292       
145         -317891.24484284915      
142         -311847.88723608444      
144         -315620.12467748392      
143         -312092.61414435646      
142         -309938.05210252607      
144         -317195.97474738886      
142         -310722.9067834242       
141         -308032.73191813257      
141         -305947.78747831628      
141         -305598.52446513821      
138         -297330.51847126603      
139         -299348.52684490901      
140         -302315.09043606569      
138         -296083.10857929167      
140         -302084.92767038743      
139         -300463.7677769913       
138         -294235.19075590011      
136         -288896.93073233526      
137         -290430.51983602019      
136         -288478.80169521691      
138         -295347.38643816102      
138         -295873.66017758206      
138         -294433.65646957763      
139         -297944.21756629029      
140         -302716.04383733164      
139         -300208.05876685819      
139         -298585.60976707272      
139         -299304.66441903263      
140         -302677.63494908391      
143         -313529.16101611045      
144         -318127.96124184586      
143         -314370.34149545635      
141         -305969.90877056902      
139         -303203.59823091945      
140         -306467.98818704329      
142         -314054.48980531108      
141         -311977.89130542683      
141         -309993.60706100328      
143         -312966.11052022455      
142         -306448.72572794231      
140         -303134.99021394545      
141         -303714.96709875716      
142         -306775.08189379593      
142         -308292.27277709165      
140         -302265.92474317434      
140         -300790.2206190885       
139         -299025.04463398387      
139         -300050.11753933376      
139         -303379.02735131932      
138         -302227.31558208843      
140         -305677.01380523725      
141         -307529.84673886129      
141         -308174.25650229503      
140         -306164.42358918593      
140         -307704.83791283297      
140         -308690.57950508629      
142         -313301.86774905259      
141         -310557.32225655584      
142         -315599.32186886738      
142         -316674.18433568551      
140         -310676.40299601608      
139         -308050.26006582181      
138         -304695.17492816609      
140         -310184.49028319807      
141         -316019.29198609584      
141         -313852.87817860302      
142         -316265.72191697592      
141         -314732.55621182098      
142         -318560.76380517893      
142         -318404.82699551684      
142         -318716.61289084412      
141         -316092.20286908961      
141         -315561.08414616546      
141         -312667.86523782258      
142         -312351.06069588778      
143         -315379.06594620203      
143         -316978.49639258155      
144         -322605.19599502097      
142         -315885.86811464682      
143         -318338.5037038335       
143         -319624.64221038797      
143         -322022.10736950667      
142         -319541.5322060379       
143         -321960.84688270238      
143         -321876.82985427947      
146         -330269.50599743862      
146         -332089.99674448092      
145         -328493.89864678751      
146         -331522.93743432732      
145         -330570.01330731367      
145         -332524.14889103401      
146         -335932.81186641596      
145         -333260.40138166619      
144         -328286.24669352104      
143         -322448.74424340553      
146         -332796.94331668218      
146         -332341.00158614316      
146         -328551.87990243686      
146         -328787.63673734519      
145         -327424.70662831294      
145         -328599.81670669775      
147         -335619.02286900202      
147         -335817.67853182671      
147         -336615.14586893906      
146         -333273.82309746731      
146         -334129.38217468339      
145         -331059.27860346716      
144         -327425.71109016472      
144         -327310.51753109047      
145         -329911.68586079893      
145         -329000.26415266324      
146         -330762.00721899496      
146         -328918.08929540066      
144         -323774.53364870732      
145         -327870.11229926103      
145         -329579.28308469267      
145         -328524.66253612266      
145         -328042.83792589803      
145         -328150.06194084603      
145         -322881.11176284391      
145         -325392.49300261587      
145         -322691.25438694365      
144         -322405.36328335718      
144         -325725.28973108286      
144         -323970.56931599748      
144         -323037.65410229721      
144         -323314.61343117763      
144         -322239.73633790406      
145         -324555.35632824799      
146         -327489.38958681235      
146         -328194.50142884778      
146         -326544.64597018139      
147         -328241.82738191285      
146         -322855.86485248199      
145         -319350.27007204981      
146         -322922.24750639033      
145         -321226.97919178184      
142         -313863.49619862152      
143         -317725.5420153173       
142         -314583.25925415539      
142         -314678.20144506294      
144         -317073.7759812366       
144         -315996.68040140992      
143         -313131.75530482188      
141         -309047.65841749683      
142         -311642.75595340808      
139         -307211.03407218365      
140         -311710.5767491436       
140         -310963.09579979233      
140         -309320.31459928944      
140         -308630.6781347284       
138         -299830.50156367378      
138         -299629.63468042237      
141         -308574.48764740373      
141         -306379.97084326443      
141         -308529.54599719436      
141         -308787.29317628121      
140         -305861.74974019831      
139         -298579.05751311622      
139         -294794.03589622508      
139         -293386.2825623356       
139         -295026.65404734475      
139         -296187.13747354213      
140         -299450.95660442131      
141         -301837.07738843211      
142         -306315.30407481466      
142         -304907.97003574559      
141         -303971.60242618504      
141         -302190.08671338065      
141         -301810.95052886452      
142         -306292.94001849141      
142         -307570.3796501297       
142         -308503.4064150647       
141         -304149.28374543524      
141         -304258.20470058767      
143         -307823.16004920873      
143         -309290.54291540169      
144         -311336.6228849538       
144         -314210.37309926585      
145         -318417.14922354871      
145         -320935.59869624535      
145         -320272.77122406056      
144         -315241.50020003296      
144         -314034.51732591202      
143         -310344.43741533411      
143         -311365.6501026348       
143         -312432.34856158245      
144         -315153.59572844522      
144         -317450.65506344649      
144         -317391.6649330908       
143         -313580.71352586779      
144         -315658.77097131149      
143         -313171.21612327936      
143         -314478.58121085347      
141         -307184.77348551864      
141         -305782.80445358361      
141         -303301.00217456726      
143         -312745.50107492757      
143         -315334.36992817116      
144         -315344.62007834669      
144         -315625.96550657984      
144         -317071.67140534054      
144         -317604.35282787832      
144         -319377.88572881883      
144         -319289.77081935754      
144         -319416.16146650841      
143         -315816.00320153491      
141         -310366.01155431848      
142         -313084.21582892659      
142         -311452.91270116164      
142         -313264.15323744074      
142         -312019.62707596703      
142         -313492.27260963467      
142         -311926.40327153663      
141         -308677.27006297186      
141         -309848.73057524057      
141         -307555.33515988814      
142         -308535.4604533856       
142         -307600.75697095657      
142         -306943.8360129908       
141         -304674.81736662966      
141         -301481.14399968053      
140         -300039.89227641938      
141         -305766.76980100502      
140         -305163.68058235152      
139         -303063.00859534473      
139         -301369.06246693601      
140         -305963.74249097484      
140         -304188.70879889483      
140         -303086.59223653382      
140         -299019.16338466655      
139         -295110.23753840022      
137         -289357.29402341566      
137         -289968.74231590098      
139         -297809.2054787206       
140         -302789.91773440916      
138         -295230.91143134859      
138         -293568.2949724989       
138         -289115.05905672163      
137         -287286.27987210907      
137         -285411.19320923463      
136         -285226.82338280219      
137         -288875.65138232859      
137         -292673.86744945275      
138         -296326.53962034965      
138         -292955.42151324835      
138         -295059.10595080018      
138         -294833.96824939485      
138         -294575.42044626107      
137         -288641.62023944588      
139         -290345.14561026404      
140         -294016.96560160525      
139         -290603.68050441891      
138         -289339.38338118501      
138         -287761.11030061066      
137         -284956.69913641678      
136         -282336.58325240819      
135         -281889.59524603764      
136         -285367.55081596458      
136         -284433.45536517445      
136         -284690.68071913824      
135         -278161.44163580472      
137         -286010.71674254851      
138         -290294.76195580087      
138         -289765.34403193463      
137         -285158.78602203412      
140         -296091.69508055749      
138         -290343.36673570238      
137         -285192.05216154398      
136         -281823.14239172509      
137         -288217.46404349012      
138         -292896.08492595353      
139         -295349.15257836506      
137         -285571.56544618553      
136         -284975.4409788507       
134         -274612.19455572276      
135         -276511.20014767267      
136         -279140.29080608534      
136         -278485.3576665147       
135         -273167.48512390046      
138         -285674.24816513294      
135         -280313.12443106296      
137         -286444.10103457177      
135         -282106.73834042985      
138         -291685.50980205927      
138         -291109.62946704915      
137         -287472.39585021383      
138         -290293.78379081649      
140         -292776.4139663399       
140         -293909.5110288721       
140         -293508.35436141322      
137         -284743.21088043123      
136         -282730.92117821227      
138         -288058.39251927572      
138         -289498.2759782353       
137         -286950.1139555038       
136         -282913.49286864651      
137         -284377.36551278247      
136         -279403.53425298975      
137         -283033.98896413029      
136         -284182.71340743394      
132         -270255.08994488168      
132         -269321.87472423457      
132         -268797.05440719455      
135         -273958.03255470633      
135         -274127.29981111269      
135         -273708.70179634268      
135         -274256.30451355537      
136         -279265.68385921163      
133         -269535.76512907085      
131         -262361.7406169732       
131         -263236.44363257987      
132         -267700.21690460749      
131         -266049.46808896051      
130         -263690.77576534334      
133         -270040.01343682583      
134         -276080.84514502983      
137         -286352.80327560351      
137         -284821.49971666769      
136         -282038.70751806314      
137         -284605.84402954933      
139         -293331.86064699333      
139         -293724.96114728751      
138         -292242.52577256353      
138         -293834.2300210204       
138         -292679.3671117269       
138         -289231.18344045989      
137         -285549.02518762043      
138         -288376.01429409953      
137         -282848.2430294184       
137         -282009.72273976513      
139         -285241.85166228213      
140         -290936.27576878003      
138         -288463.82757027965      
138         -289598.01400386792      
136         -283817.28029178729      
137         -286523.60792415251      
137         -285774.72813061217      
137         -284779.44855725754      
136         -282202.54876258824      
139         -290397.76954318798      
137         -286386.14162969042      
134         -277697.11206110055      
137         -287467.4198886907       
138         -291435.89239565877      
138         -291391.52096498513      
137         -287331.14220954711      
138         -291283.58668964205      
137         -287424.93347386422      
136         -287734.27105779154      
138         -295660.31884226878      
137         -297249.90960745292      
136         -290455.71242886037      
137         -291946.02454887115      
138         -294039.41822910367      
139         -298854.49001717649      
138         -296543.90077101038      
137         -290963.37368172512      
138         -292590.44376653293      
138         -291571.96828140947      
139         -293091.02457228012      
139         -297225.98408344865      
139         -299201.31822438829      
140         -300281.45780976187      
140         -298382.28732487711      
139         -294615.25300777669      
140         -297220.14618142543      
141         -299630.44768089638      
141         -299802.39270648232      
140         -297963.70279940648      
141         -300718.24533273338      
141         -304854.24033059448      
141         -306696.07309411129      
140         -302871.5574981129       
140         -300885.85312298924      
140         -303760.14926457289      
140         -303409.62460444949      
140         -301806.51509098895      
140         -301289.18486736674      
138         -291536.95590965822      
137         -288438.01565475808      
138         -289889.42004560807      
137         -287255.07325478038      
135         -281178.91856301419      
135         -280308.78128772648      
132         -269860.64469631331      
132         -268719.16504441842      
132         -267138.60724677582      
131         -268514.66653057403      
132         -267887.52481347509      
132         -265056.4721611907       
134         -270696.19499580172      
132         -266958.94911401416      
133         -271640.56729820871      
135         -278362.60462275497      
141         -290174.90962856013      
140         -286681.696564438        
140         -286943.29897225555      
140         -286932.94221444987      
135         -275004.6162601735       
135         -274966.89943147346      
135         -272980.86417451885      
134         -270290.42348139756      
133         -270029.28274644993      
135         -276143.28435276804      
135         -276236.99525316898      
134         -274049.09012943547      
135         -276808.80591406417      
132         -270111.88003922522      
135         -278703.99920538336      
134         -276684.49918732658      
135         -278482.72421520972      
134         -276799.43958301964      
135         -281502.01878045389      
136         -283161.74494485994      
138         -288886.67065529758      
140         -291224.55403841584      
135         -278622.95678265078      
137         -285981.72758780885      
138         -287804.39708520909      
137         -282593.53994646121      
137         -285921.53137530794      
136         -282161.04004001844      
135         -277520.66327564267      
136         -277514.06237530883      
136         -278548.05644805421      
136         -277149.13367485104      
137         -280565.35864928702      
136         -277481.93161343841      
136         -279030.89888072392      
137         -279961.57029987103      
138         -284796.8225022814       
139         -289613.51722994773      
139         -288069.29258009582      
138         -286961.7831151681       
136         -278318.89686097793      
135         -276902.87933605281      
135         -275750.08503036899      
134         -268237.67805656011      
136         -277709.59776135767      
136         -279696.0108947499       
136         -279669.02109645947      
136         -282599.76283356745      
135         -278674.29805534275      
132         -269750.24104605603      
133         -272723.35109926143      
132         -269449.0795316099       
134         -270192.58805139764      
130         -259864.72114451946      
132         -264225.17890960653      
135         -271885.36722846713      
132         -263779.37863531377      
132         -263285.22887890029      
132         -264003.85267048876      
130         -259866.83917472046      
130         -260079.24216561392      
132         -265761.6201180194       
132         -266739.49242121086      
134         -272835.81587072095      
134         -273777.78890418413      
133         -267869.34062309691      
132         -264946.67054354039      
133         -265870.28125846502      
131         -261912.38488301617      
132         -266844.43305165664      
132         -267093.73801345268      
133         -271520.45786773786      
133         -271029.521255926        
133         -272248.91411659785      
133         -273758.97072361916      
130         -266002.36757403356      
130         -264015.4628838388       
132         -267202.43034528266      
132         -267746.4672892713       
133         -267297.79426402325      
133         -266521.93866101012      
130         -257486.73859980793      
131         -261241.93694275746      
131         -262119.17788955497      
133         -267227.6945492489       
131         -262346.25940563611      
133         -269869.85324924102      
133         -272312.72656136291      
133         -271985.99078668817      
136         -281126.28731990326      
137         -284249.396421607        
137         -286005.27993038122      
137         -284999.17356699024      
136         -281115.60952445015      
136         -281180.54696412856      
136         -280157.60073091625      
136         -281000.65892897785      
135         -278180.08609581902      
136         -279338.91206598637      
137         -286020.89106736623      
134         -275819.87031658879      
136         -281513.59923128854      
135         -276173.60340979998      
134         -273243.56301121891      
133         -271063.67704133678      
135         -272331.02133183309      
136         -276216.39533747674      
135         -274740.12923566089      
134         -270737.19901916664      
133         -270604.26374864503      
130         -264052.27085977321      
135         -277522.39261298918      
134         -275362.84457180812      
134         -274076.10498495679      
135         -277340.17981944769      
135         -278366.45495385269      
134         -274321.09436060919      
135         -276364.82973140688      
135         -276408.96171702864      
136         -280253.2582425552       
137         -282207.85320492554      
136         -283175.31741007313      
134         -277680.82114638947      
133         -271096.83039201779      
135         -277184.17622369778      
134         -274312.02972231829      
136         -279534.88828555238      
137         -285743.091150144        
136         -282232.13703246182      
136         -282052.63855397189      
135         -275500.49596783624      
135         -274674.77573207207      
134         -269938.61045770021      
134         -272325.80131577898      
134         -270568.41624993592      
133         -271864.94458058907      
132         -269619.29985296645      
134         -276940.64168059209      
134         -277718.58294177358      
134         -275732.14729257784      
133         -273238.96280744299      
133         -272012.43355990318      
134         -274789.66532022052      
134         -274615.32276578515      
135         -276134.54765946127      
136         -279092.79084491875      
136         -278713.94732181239      
135         -275641.15386914718      
135         -274045.71994409565      
136         -277990.08047929144      
135         -273942.61331052287      
134         -272968.77258659631      
132         -265059.36180591863      
133         -267138.00741236703      
133         -265472.82625287509      
136         -274044.28099363646      
133         -268053.03231764119      
133         -266498.73262498237      
129         -251742.80147312433      
129         -249296.94601927992      
130         -250578.31890965751      
129         -250442.45051944666      
131         -258330.91952178779      
131         -260378.04254801592      
133         -265958.70254276402      
131         -262585.42798787559      
134         -271305.86091308395      
136         -273705.72075794498      
136         -278485.08913073968      
136         -279765.0559634486       
135         -277380.91064066766      
136         -282094.51920652512      
137         -284251.15888225305      
137         -287526.46152646851      
136         -286759.84005143837      
135         -282273.61295468034      
137         -287226.38558274251      
136         -285562.16273000813      
135         -283755.30036228138      
135         -279813.9899781947       
135         -277724.05272824137      
136         -281897.25889282802      
135         -279288.47745790367      
133         -270629.63762295776      
131         -264058.83190723101      
133         -269661.57515564456      
135         -277637.90622868884      
134         -272719.26980338187      
135         -281638.16743610514      
136         -287214.87416859635      
137         -289705.92979005043      
137         -291455.06740903162      
136         -289651.26991050137      
141         -304034.49078057799      
142         -305283.37290051446      
141         -303060.09048669541      
142         -308711.47752502223      
143         -312399.95026133         
143         -313269.22473677655      
144         -316995.19290340511      
144         -316539.14850548032      
144         -317948.33789268596      
145         -319009.53137787222      
145         -319369.09221354127      
143         -313335.57914942061      
143         -312600.33414424188      
141         -307448.58254212909      
141         -305763.19897494779      
139         -300137.37327570387      
138         -294286.32404171384      
137         -293861.93461660377      
139         -298169.19235319097      
136         -285714.42689890228      
136         -288450.19381777558      
137         -290389.8627803321       
137         -292445.06403814902      
135         -285509.83268136217      
136         -292316.50008561462      
136         -291192.60738197778      
137         -293406.43593940913      
139         -296357.1866983918       
137         -287226.26873826049      
139         -290549.74786597327      
138         -283951.85990460159      
137         -285602.83789158368      
137         -282441.90908426582      
138         -285529.28225716623      
138         -289554.8406510459       
137         -285869.8064391053       
140         -294624.28751925228      
141         -294778.77003993688      
141         -296239.51790134772      
141         -295915.40344959573      
140         -294404.78634654934      
140         -296886.20496887492      
139         -294232.56371539051      
138         -288235.07542999741      
136         -280145.81058202568      
134         -277044.74236421473      
134         -278204.06689461495      
139         -293833.18205123255      
140         -295532.80962019827      
140         -295887.47135784203      
138         -289935.51782679174      
139         -292300.43263641308      
137         -287492.58390634006      
135         -276828.9127592165       
133         -271256.76517876919      
132         -266636.96666498506      
134         -272582.22121116961      
138         -284562.98453957011      
138         -289108.7832117551       
137         -286840.71229019295      
137         -287791.03893710178      
140         -295751.26029108732      
139         -292715.06071401329      
139         -294671.43619854708      
139         -295798.76536479592      
138         -293609.42785634811      
138         -294865.07557133783      
137         -290574.35974589805      
138         -293374.31768839573      
136         -287713.31092445477      
137         -289568.11008972442      
138         -291632.96894210961      
135         -281543.27339318383      
138         -291122.17456404772      
141         -297413.46094101801      
140         -293704.83950181317      
141         -300715.40708758129      
140         -295275.95346233662      
141         -300323.01864491694      
143         -305719.28010837035      
140         -295977.9138948007       
143         -303904.89368659741      
141         -297629.95268935623      
141         -302393.455639861        
139         -298582.30091664736      
140         -300040.5131279928       
141         -304561.86515658558      
142         -309787.11585743376      
141         -306486.51523127104      
141         -305275.08348518796      
141         -303879.18891446246      
140         -302297.98029480991      
141         -307224.76511352602      
141         -307717.66172673937      
140         -304243.13267862302      
140         -304522.261152466        
141         -308215.91328036471      
142         -309036.76446330658      
142         -309815.87507964543      
142         -307914.4779987795       
141         -303283.35079162545      
143         -308867.09202657337      
141         -304641.60569593275      
140         -302560.33870669734      
137         -291196.94117961783      
138         -292283.85156954115      
135         -281800.61099180731      
136         -282035.15819879004      
137         -286946.48312797782      
139         -295145.3552012695       
141         -299275.97683557193      
141         -299571.20081935549      
141         -299514.07489404769      
142         -300377.28245075198      
142         -303042.25300075626      
141         -300356.08685596299      
139         -293368.21385863546      
139         -289985.78501248616      
138         -285063.51626263373      
136         -280946.67821678659      
136         -279927.15766041499      
139         -290651.85243219999      
140         -292631.0648515654       
138         -291031.26223601075      
139         -293733.38884109841      
139         -294327.70844059216      
138         -290768.63925454149      
139         -293252.78746918822      
139         -293195.88351502031      
139         -292045.47160939791      
136         -284056.34349373728      
134         -277093.39747771365      
133         -275284.05780077534      
136         -285545.30410049623      
135         -285444.23681506823      
136         -286525.91225714574      
136         -284295.18103137251      
137         -284458.96904163406      
134         -277303.48399961222      
135         -277981.60122900503      
135         -276442.51872227428      
137         -283896.46640903776      
138         -286205.26108260953      
137         -285351.86061941291      
135         -280671.98091699975      
137         -286168.07659596181      
137         -288787.68995418807      
136         -287582.14115423674      
135         -281044.70335582679      
136         -284304.06765660748      
134         -280512.48015579063      
135         -284128.10797241639      
136         -287928.93870159966      
136         -287160.23742053681      
138         -290648.51796883962      
136         -282751.49778916268      
133         -274353.87824483204      
134         -276416.42752184358      
136         -281896.44450110395      
133         -274360.94782794296      
135         -281026.07272057811      
135         -278837.1738024574       
133         -271295.31608446978      
134         -274538.39490215812      
133         -270179.47374706506      
134         -270923.99125637813      
132         -265608.9997401596       
133         -270320.15909635328      
135         -278802.05684628413      
135         -279207.3759163646       
135         -280277.88878595683      
136         -283613.30019821593      
135         -279161.70020673354      
134         -276290.50203677954      
134         -277074.54049209174      
135         -279677.37002986617      
132         -269718.03896288091      
134         -275448.68427156762      
136         -284032.36532048846      
136         -284414.91004015255      
133         -276328.84575790877      
134         -276766.02549251006      
135         -281224.30591799598      
135         -277773.74117821129      
133         -270972.14136920485      
133         -273818.49487186968      
133         -271027.80163284903      
131         -265478.90760596737      
135         -277454.25281004031      
136         -279303.44005496451      
134         -272113.10321978852      
136         -276704.57792317611      
135         -275266.63101074693      
136         -278152.16600430221      
135         -275889.24123166886      
134         -270516.91214079398      
133         -269852.7433474696       
135         -280229.23793458322      
137         -287139.70959779818      
138         -291001.65082587022      
137         -286974.58117214416      
135         -278023.45047995239      
136         -280144.78224185744      
135         -278553.07856659172      
135         -276934.75411510584      
135         -278826.52822986734      
135         -278835.09569547966      
134         -275490.98959558259      
133         -270799.8932769578       
132         -271190.9031257648       
132         -268958.07583185786      
134         -274969.87644456699      
133         -271580.24932408542      
134         -276081.47314248688      
134         -275003.3407482084       
133         -270684.64884715818      
131         -262614.40412452188      
130         -261237.9081437648       
131         -264943.01421614829      
134         -270812.6897859631       
131         -266855.54491511261      
131         -268889.78699374699      
129         -261488.25808389197      
129         -258012.95529842447      
130         -260926.67850341188      
131         -264393.56034713431      
131         -266371.88857737236      
131         -263612.14977043087      
133         -267025.24333397998      
134         -270366.51403702411      
131         -261639.20400719039      
130         -259810.78835986494      
128         -254241.09701973919      
129         -255034.28405063503      
131         -262980.46311340807      
131         -263268.99347198132      
132         -267085.54998030531      
136         -278983.23466206505      
134         -273542.70556012559      
135         -277315.87273202185      
136         -282085.83255555376      
137         -285448.41173813457      
136         -279744.28975465329      
136         -279980.22454606497      
134         -274979.94101929653      
132         -269993.53034747805      
135         -279116.73548365454      
135         -283793.1681940963       
136         -287400.09807231685      
136         -286670.88609086093      
135         -283097.23290117155      
135         -282782.70381374343      
135         -282128.99493771431      
134         -277979.06471040385      
133         -273863.16181375517      
133         -272253.51241527096      
133         -271739.81367416086      
133         -275188.0601152156       
135         -280281.65532856947      
135         -281510.29996859701      
134         -278280.55183374224      
136         -284143.29274364421      
133         -272912.42381220078      
134         -275347.79434032948      
136         -283783.89828757785      
138         -288158.15526326222      
137         -286329.07938721043      
136         -285847.73631614534      
136         -286253.83265138173      
136         -286372.32636693033      
136         -284754.61089634988      
138         -292339.95154609042      
137         -287419.47880383889      
139         -294161.90968786599      
138         -291294.48400088795      
139         -297716.22274374403      
137         -288907.30575872993      
137         -290824.28527315962      
139         -296123.62353413115      
140         -301947.1174411446       
140         -300940.86633905856      
139         -297009.27956518484      
140         -300890.20962341916      
140         -300397.673045206        
139         -297405.67772850941      
139         -295203.21843510022      
141         -299451.99580314499      
139         -293728.93289848906      
139         -295590.53989618499      
140         -297301.76549507421      
137         -287123.51826784975      
137         -289109.62405231933      
138         -292495.30552364339      
137         -288411.01804968342      
138         -289723.6886634712       
135         -279621.8000611756       
134         -273951.53125173092      
134         -276071.30351334566      
135         -281016.86322606704      
137         -285869.54817462678      
136         -283701.09579193301      
135         -281312.54076192266      
134         -277025.75516615796      
134         -272281.34854623734      
136         -277012.14413151098      
136         -276262.85354310798      
138         -283198.78048995178      
138         -284874.50249826111      
137         -283791.32221524941      
138         -286715.06409377087      
139         -290430.65012737829      
137         -282780.16730269755      
139         -288048.34600006416      
138         -285062.81647619128      
137         -281400.93260506715      
138         -288018.4796260969       
137         -286218.16931011411      
137         -286398.22251640511      
138         -286916.98485027347      
138         -284835.27688889782      
140         -293709.97561127553      
140         -291568.37684311334      
141         -295544.18904798676      
142         -301032.08905275038      
139         -293395.16636485187      
140         -296559.03518081829      
139         -292473.2776967758       
137         -284968.00597897533      
135         -280026.61588998954      
136         -281629.24343820935      
134         -277419.64329625183      
136         -283643.61600186728      
133         -276139.67776111653      
136         -284992.14548179775      
137         -286330.27431009512      
135         -282335.63925345091      
135         -282345.80816040258      
136         -280307.64205626678      
134         -275464.50326637155      
133         -272598.65703875141      
133         -271517.54022659856      
132         -270979.60476896429      
134         -274439.51215843903      
134         -272335.92707827245      
133         -270767.52482012316      
132         -270909.99504753482      
131         -265841.86657121172      
129         -260442.29442615403      
136         -280057.34483654244      
136         -280229.79241479177      
138         -288484.52626269584      
139         -292733.76566666539      
138         -288337.79337938421      
136         -285679.32796011225      
137         -286380.34822134045      
133         -274981.99808208528      
133         -272396.23507260013      
136         -283450.15667614498      
134         -278709.65454280982      
137         -290667.70657891268      
139         -296429.4706601873       
138         -291329.6030588774       
139         -293143.49901033682      
139         -292210.14309213409      
139         -292574.86038865388      
138         -287919.66887751163      
138         -288058.6325314386       
138         -289062.96518858464      
137         -287893.03053379012      
135         -281568.70938869281      
137         -288158.74076727231      
134         -279257.15065185307      
137         -287002.71418578667      
138         -287449.08267868171      
137         -285071.91359282203      
137         -284083.07682672737      
140         -296679.00185084314      
138         -290379.11919651879      
138         -290736.87078597967      
137         -289298.73447566328      
138         -292583.46512695949      
139         -297782.93669894751      
138         -293389.15190224466      
137         -288469.92879313906      
137         -287481.5406416331       
139         -292054.66595973424      
137         -285906.30677510239      
136         -279964.56881260977      
137         -284095.23500786303      
134         -272854.87086395978      
135         -273706.74084095075      
135         -276330.35347578512      
138         -289609.87405857106      
138         -288176.16812366102      
137         -286605.92763917567      
138         -290350.59819268517      
139         -293656.21806406346      
139         -297490.95707016822      
141         -301538.27271603391      
141         -301716.32776502677      
142         -305226.87589863734      
141         -304176.21032516123      
141         -304125.21056117903      
141         -304772.01241762761      
141         -305901.51771278691      
141         -305695.17265685846      
141         -304178.9954485753       
139         -297993.59877937124      
140         -300302.02909057983      
139         -297401.20895167522      
138         -294395.0523352435       
139         -298214.1841357575       
138         -294044.40893362183      
138         -291364.30177109543      
138         -290944.24800245487      
136         -285806.02204522025      
137         -290310.90408889938      
139         -295076.84581526427      
140         -297752.26306250325      
140         -300601.5842744594       
138         -294395.84081485739      
138         -294370.82792132278      
138         -293920.26150528825      
138         -292700.8938693126       
140         -295893.25286767428      
140         -295664.01389852376      
140         -295800.09710978542      
140         -296701.81178464636      
140         -299944.29145352717      
140         -299881.70044955763      
139         -294930.60872685374      
140         -299881.4396449005       
137         -288177.38107491459      
139         -295467.22841225599      
137         -290278.29893074586      
137         -293990.68579676177      
138         -297790.56754604005      
138         -297051.75188303145      
139         -299889.95057612134      
138         -294336.81427317538      
138         -296355.70697491599      
139         -298061.57234408637      
139         -298341.55108945305      
138         -297008.49226333364      
138         -296584.53096825694      
139         -297289.49244343495      
139         -297497.53143743041      
138         -292905.06636920152      
136         -284750.9031408052       
138         -295858.31792389823      
138         -296390.68188115797      
139         -297434.79611886654      
139         -294567.09266488929      
138         -290711.12947640067      
138         -292567.61404520704      
139         -296170.65611182945      
139         -295746.0101978383       
140         -300070.52993327123      
141         -303677.58898250281      
140         -300832.28803913383      
140         -301143.07542599575      
140         -301913.62052992149      
140         -302342.53541933         
140         -303009.75232238916      
140         -305937.02877147577      
141         -310731.31253962731      
141         -309703.96973422205      
142         -314432.76465325337      
141         -311137.27999706368      
139         -302140.22958129062      
143         -314095.42410342034      
144         -318816.52944486385      
145         -320436.33656099346      
144         -317203.95577714726      
144         -316250.72071074648      
144         -314336.02430309367      
143         -311783.09705463902      
143         -312871.95604163333      
141         -307287.30579290295      
138         -295291.56166816526      
139         -297976.25210881181      
138         -293497.33045225288      
138         -293088.21851512243      
137         -291302.65037666622      
138         -294326.33256579121      
140         -300001.77683039114      
141         -307937.9597803792       
139         -301691.49582836067      
137         -296448.21829920902      
138         -300560.26089543378      
138         -301106.3008847062       
139         -301472.97336023388      
139         -300506.63320531941      
139         -301905.69750689098      
138         -296351.20787868823      
137         -292045.27953691914      
136         -292315.34628869145      
138         -296043.32806594297      
138         -297540.75933366548      
140         -301402.85402996436      
140         -301299.90912851191      
140         -301499.75252386567      
140         -300603.60888476763      
140         -298960.25199479534      
141         -300549.93140062061      
141         -301520.82201672613      
142         -305163.54416137142      
143         -308670.40012827603      
142         -302682.45318175992      
142         -302343.09602928616      
142         -305994.3784298494       
141         -299930.58333110664      
141         -298609.68490652239      
140         -297290.99248085899      
141         -301007.51989529753      
140         -300120.38524334296      
142         -305649.23096436332      
141         -303278.89119149628      
142         -305178.10447790509      
145         -315716.49555427791      
145         -314151.12692183297      
144         -313795.37791750144      
145         -317970.99837665923      
146         -322386.80684985855      
146         -323246.49295972893      
146         -322500.61515643587      
146         -320570.2389451944       
146         -320487.55010489578      
146         -320882.72597026645      
146         -320569.19731657306      
146         -321806.38609987951      
145         -319865.3847409219       
144         -314959.05880562193      
143         -310422.94857607101      
144         -312095.18518493406      
142         -305761.83410862042      
142         -305040.21741762233      
144         -315729.51509490772      
142         -310197.00363362319      
143         -313092.22295973112      
143         -310881.26297060534      
142         -309658.19524072652      
142         -309173.45095698291      
141         -306919.63585985452      
141         -307249.08217447909      
143         -314172.20682173769      
141         -306672.07821494434      
141         -306293.26694415859      
140         -305590.4406379495       
141         -309888.56016943289      
142         -313094.90572022006      
142         -313727.67527066579      
142         -313188.84776441939      
142         -311433.52775682491      
143         -310657.81091516092      
142         -310003.93607814156      
140         -303176.3090460893       
141         -307006.91950839723      
140         -306430.44268008298      
140         -305951.00154782197      
140         -303414.00842653355      
141         -307217.5049567598       
142         -311608.79741608771      
141         -307518.95504036651      
142         -309243.55497389543      
141         -308310.70265220909      
143         -310826.73490554438      
143         -309349.80086428986      
139         -300643.25153292896      
138         -299265.71713892662      
139         -301936.15482829127      
140         -305752.75206061534      
140         -306406.80389279779      
139         -301387.02150664653      
138         -299366.20706874644      
139         -300197.94599295111      
140         -305894.62584183982      
139         -305742.16985781584      
138         -302849.56556099473      
138         -301465.02420965664      
137         -295916.4800765586       
137         -294650.07072875323      
139         -300612.99694644846      
139         -300699.69357602729      
140         -300860.87078415405      
140         -303108.80963787192      
139         -300220.92610674747      
139         -301218.50306023122      
140         -306162.75436989381      
139         -302074.84063920227      
140         -303906.73415325         
140         -301809.14431878203      
140         -306433.65090573789      
141         -308506.47876403388      
140         -308304.67622722988      
139         -304180.09473650833      
139         -304331.24997816677      
142         -313574.2314001763       
143         -315487.50682648219      
141         -306614.78771206114      
140         -300029.67174175347      
140         -299896.55394278874      
141         -301831.59883351193      
141         -301964.22229814855      
140         -300286.74103931175      
140         -303552.16568061477      
140         -303473.7529425195       
141         -305813.38678124966      
140         -300447.30437227304      
139         -297074.15251009434      
139         -293938.54544202716      
139         -296853.57129959011      
141         -304605.96091870137      
141         -303341.32702827145      
141         -302776.30854879238      
142         -302980.87310581724      
143         -307312.83861956024      
142         -303181.63757648377      
142         -304007.01417903136      
142         -305443.40451508074      
141         -297912.98365985986      
141         -301849.76877841935      
142         -301305.50230853294      
141         -301049.78249418474      
139         -294546.4899517399       
139         -293647.79185842921      
140         -296077.82661183167      
141         -300680.95729301684      
138         -287996.55297809857      
140         -293903.13930384838      
140         -292405.74796518311      
138         -290935.5043277145       
140         -296255.44851224386      
140         -298116.95484413119      
139         -294726.70461003366      
140         -298482.16531818919      
142         -303721.82699929626      
143         -310564.16202201607      
143         -312357.55434165878      
143         -312246.66207436251      
142         -308224.58758193778      
140         -301560.14548662666      
140         -300715.37394661788      
141         -302589.63531933376      
138         -291917.08674256271      
138         -289041.05724776629      
136         -283039.59930946154      
138         -285569.83328136837      
138         -289585.37083496898      
138         -288130.23815533129      
138         -288666.49209323991      
136         -284864.13008232752      
137         -286346.07363803167      
136         -283713.29722984356      
139         -293393.1771314987       
139         -293041.8949202752       
139         -289530.65860242367      
138         -285677.73785042437      
139         -286220.57127283578      
138         -283535.56958118919      
138         -281167.36741805449      
138         -282261.50965148519      
138         -281488.40378699399      
138         -284605.928240487        
138         -285557.73970739532      
138         -284088.17744945199      
138         -283868.89641841192      
138         -285695.02519484842      
134         -273527.69496978039      
134         -274365.82602116244      
133         -270559.30319393869      
135         -276714.19234960712      
136         -281335.47668701247      
135         -282242.34540392179      
135         -281163.76000212529      
134         -278959.08969983004      
135         -280123.49587029347      
134         -278790.28914321511      
135         -282481.34366307803      
135         -281550.51733883185      
135         -281756.48625609686      
135         -281127.30695314042      
135         -280500.93248397228      
135         -278816.41634466988      
136         -283576.58296011144      
135         -282652.71436069882      
134         -278668.97282905609      
135         -280397.43442779523      
135         -281584.95867787284      
133         -277140.57628634549      
136         -285329.46718460356      
135         -279260.8758385175       
137         -291118.77790667524      
136         -287949.60823096836      
136         -289325.85391625075      
139         -296746.72890809487      
139         -293804.73395250691      
139         -295768.74138308503      
140         -297598.57146979525      
141         -301812.22280667856      
139         -298697.84740735649      
139         -298501.02912089246      
138         -295627.61063292157      
137         -290804.33206409751      
137         -288059.63645044115      
135         -278450.68468927167      
136         -279482.54527245741      
137         -284409.53035241307      
136         -280305.6513764289       
136         -282931.0489835823       
134         -276556.12732576526      
135         -277896.99121073994      
135         -278210.13878769084      
133         -268287.11244554457      
134         -272459.45514444879      
134         -273422.49161225266      
134         -272276.31236755953      
133         -268966.77468058129      
133         -267722.13354418287      
132         -266809.6841075141       
131         -264228.68456740887      
133         -271516.85286106361      
133         -270053.0340440264       
130         -261493.49865006725      
131         -265403.76152551529      
130         -261633.39881625999      
132         -263413.63411831565      
130         -256990.03444930338      
130         -257159.36204229775      
131         -261855.73654564438      
130         -258827.08227028066      
128         -251951.82954744771      
128         -254968.56311256619      
129         -257115.25009397982      
127         -249654.4900912357       
130         -258551.64529844257      
129         -256174.27763161538      
130         -261795.61598956899      
130         -262455.62555335351      
129         -259644.01894249686      
130         -264657.14445027069      
129         -258971.50032860858      
130         -262284.34152840346      
132         -271306.67335517891      
133         -272459.81634443317      
134         -273217.67453334015      
133         -270472.97438654251      
133         -271747.23850837653      
133         -273963.81670945359      
135         -280030.1344074732       
136         -285313.54025817127      
136         -282507.54563475389      
137         -283913.87139331969      
136         -284237.75352231925      
135         -283677.59522514266      
136         -287254.65910533373      
134         -280165.8624880733       
135         -284844.11163261742      
134         -282081.02688719437      
138         -292203.47705650813      
140         -298790.59922499664      
141         -299935.27165543777      
141         -302817.51417395193      
140         -302369.68354970135      
140         -299559.65322624042      
140         -299704.8549183599       
139         -298251.22942681989      
140         -301374.51443862979      
139         -298548.30791479407      
140         -300753.98121113959      
140         -302378.89409984666      
142         -311450.44104775036      
142         -312342.62914447184      
141         -309134.79955747531      
138         -298082.56737338065      
138         -297031.82221942605      
138         -296297.1451342068       
139         -300729.7435833877       
139         -302633.31880512508      
139         -302165.85207751865      
139         -301362.11684779997      
139         -302433.49127958308      
138         -298588.61380862875      
138         -298345.81054711028      
139         -300142.14574749826      
138         -296604.17162161355      
140         -302616.73344434303      
140         -303511.03945193766      
141         -304077.55321932305      
141         -304626.64852733281      
142         -308038.54779870412      
143         -310435.04082370369      
143         -309947.70901440619      
141         -305057.52622710861      
140         -305233.07132833649      
140         -306292.40297583246      
139         -300483.03678929614      
140         -302958.49719602027      
140         -301629.38618464         
140         -304617.93526324711      
140         -302298.11156315956      
139         -298747.5314244547       
139         -298386.9116239032       
140         -301253.60119806894      
142         -307369.21141807118      
141         -305738.28084776382      
142         -305390.68410588714      
141         -304337.42964106565      
142         -308262.38269909192      
140         -300176.96136351663      
139         -294657.17468368972      
138         -294975.03378385911      
136         -291334.13590950251      
138         -296114.25532056851      
139         -298212.01993895974      
140         -300581.6204507309       
141         -305725.95367272443      
141         -307208.96619422885      
139         -302100.08153890964      
138         -299547.51498164702      
140         -306621.04876321915      
140         -307947.87247729138      
140         -305806.65943745623      
139         -303601.7954783655       
139         -300654.03114182834      
137         -293487.80357109604      
137         -291679.23707367782      
137         -292111.65127077699      
138         -292232.34145790653      
136         -288370.80562260433      
138         -293963.86181613419      
138         -293339.73744906695      
140         -300141.82393104327      
140         -297630.70907688653      
140         -298646.46112624841      
141         -298733.33952289779      
138         -290331.82765623351      
138         -290719.15376447316      
138         -291721.71343571553      
138         -290823.11954499071      
138         -292765.17677831365      
137         -290083.91081895365      
135         -283331.66984868317      
136         -284879.1932796964       
134         -280964.5498620494       
135         -284209.89773368801      
136         -284984.67983223958      
139         -294206.27209914289      
136         -284780.00371001149      
136         -285543.76028953888      
134         -279066.66334769095      
137         -287817.81640704279      
138         -291534.46814333234      
139         -295552.52864715602      
139         -295665.05677224399      
140         -299788.12422771496      
136         -288704.25886580674      
135         -283239.83749174915      
138         -290786.36498410942      
137         -289305.68759448739      
137         -288184.13586372044      
138         -292539.57416135317      
139         -297226.4876143228       
138         -296201.1938723686       
138         -295935.86889123358      
139         -298064.44772653352      
136         -290901.72769270802      
136         -290515.50642757275      
139         -298433.46141811728      
138         -295689.91743423085      
138         -296156.6254033295       
138         -296001.68394827197      
140         -302511.38900042558      
139         -299706.73124215082      
139         -299055.44759177393      
140         -301323.83764402266      
140         -303329.00020156847      
142         -308942.35803023772      
141         -306537.21486351843      
139         -300732.46082684479      
137         -294364.31709100003      
137         -294072.94542535336      
137         -292837.09509703197      
136         -290009.92358502856      
138         -294907.46264301136      
137         -289416.77242920082      
140         -297876.67762888118      
141         -302430.62813260889      
141         -303640.56541638932      
142         -307101.58604676218      
143         -313337.349598873        
142         -308329.94408417935      
143         -311858.28734743904      
143         -312627.84464077296      
143         -313407.7489053313       
143         -312072.83459355938      
142         -308170.84756982164      
139         -296998.1552677236       
140         -299368.25577213062      
141         -303393.43345800624      
140         -302595.31179684517      
139         -297641.93811537349      
139         -298158.19073208439      
140         -302163.17104794423      
142         -309161.14109781286      
142         -310149.78988918493      
142         -309680.28064523311      
142         -312799.16960002115      
142         -309500.40111905121      
141         -311726.98416464904      
141         -309567.5986834715       
140         -307713.66048293497      
141         -309091.70286381338      
141         -307010.52299605747      
141         -306996.06118025526      
142         -308979.08411906683      
140         -302760.55631381099      
143         -313347.57745493093      
142         -310470.51583664038      
141         -306853.29997369868      
141         -309905.9150136066       
141         -309615.16941378859      
140         -305596.73323643568      
141         -310651.04671414167      
140         -306874.05348272505      
141         -310024.94047923281      
141         -310011.4599289021       
141         -311652.89620340872      
141         -311715.48038259876      
141         -313857.31523976789      
140         -308247.51507485937      
139         -303613.614798986        
140         -305789.68934252497      
140         -307915.10047781904      
140         -309411.40273929469      
139         -303809.96589767659      
140         -306339.37361621973      
139         -303132.61791848415      
138         -298697.61691702221      
140         -304667.92685744836      
141         -305610.08512282773      
141         -305906.39609334816      
140         -300746.0275831896       
136         -289159.46353772562      
135         -285616.61500103364      
136         -288010.99133966124      
139         -299282.48103558854      
139         -300128.67044896469      
139         -297989.06275617646      
140         -302237.36172017141      
138         -297301.68874864758      
138         -295315.49720748409      
139         -299137.00327951298      
140         -301966.71936865046      
140         -304437.47932445956      
141         -307300.96301760827      
142         -310243.09469012253      
142         -311328.97697075212      
143         -315551.76437118836      
143         -316025.59800210863      
143         -315647.41586218047      
143         -317291.51727187738      
142         -316105.85590680729      
143         -316653.44217586814      
143         -319681.99560720054      
143         -320322.9917592202       
144         -323520.54908524884      
143         -319673.53668207198      
143         -319540.70470824867      
143         -318260.51796031184      
144         -321993.23563474702      
144         -320509.31352328998      
144         -319244.78969955241      
144         -319505.67381218792      
143         -316884.4214679795       
144         -317931.82116949384      
143         -316520.63105506677      
143         -314681.68537476432      
143         -312725.73438561324      
143         -313069.17705843842      
143         -312525.71115942893      
144         -314654.71919829608      
144         -314974.59484289936      
140         -304685.6132155899       
141         -305688.57763415144      
140         -306594.03563309088      
141         -309406.40802964289      
141         -308370.39861696574      
142         -310269.78046585235      
142         -309621.04510396277      
143         -315124.30065469805      
142         -311211.01998741878      
143         -315284.29400715791      
144         -317834.44137248868      
144         -318076.91764716001      
144         -316495.60279496509      
144         -314058.68616354972      
144         -312789.0071453487       
143         -312634.88297391887      
143         -312334.13058101048      
143         -314593.5102323906       
141         -306006.14728269982      
142         -306799.49959273863      
142         -305733.66618440486      
143         -310731.8467307688       
143         -309320.48563144699      
142         -306904.97113549337      
141         -304995.65520027035      
142         -308080.63002226374      
142         -307474.74786494236      
143         -313564.68330411252      
142         -309630.24443325202      
141         -307882.56054224283      
142         -310598.67052813346      
143         -311340.1686176713       
144         -314465.56468013959      
143         -311157.18456740002      
143         -313299.57984244061      
143         -313853.00632302614      
142         -312762.29643973854      
142         -310666.03355607996      
142         -312826.79264036682      
142         -311619.88938255503      
141         -308339.74064219662      
138         -296693.94804313732      
141         -305765.6462427876       
140         -304781.98468759016      
140         -304231.26263401203      
139         -299113.11710638751      
138         -296843.38705016742      
141         -304635.11117890093      
140         -301669.13569891697      
141         -307555.38615002524      
141         -307588.45106842153      
140         -304373.51708418579      
141         -308057.56543451059      
141         -308141.92258042347      
142         -309730.79058512906      
142         -307659.24600863771      
143         -312930.19266524853      
142         -310655.74964078586      
140         -300184.58232007991      
140         -300198.32196649339      
141         -303778.66377241869      
142         -306293.26378990768      
141         -302085.32067712664      
140         -300769.10265360971      
140         -299170.21034053992      
138         -292216.19471199322      
139         -293074.02594395448      
141         -299754.92067444534      
140         -298602.02599520306      
140         -300401.21562962112      
140         -303937.35439409898      
142         -307358.94326232281      
142         -306512.89234803396      
140         -302329.30675234506      
142         -306315.96509698022      
142         -306433.79349329614      
143         -309158.03889545001      
142         -307697.7407742308       
142         -308267.83705479425      
140         -302719.58140614454      
142         -308348.45320225146      
142         -308583.998624222        
144         -312760.37532545446      
144         -311985.39280454762      
144         -316129.72184157633      
144         -314834.9489857349       
144         -316701.20173332334      
142         -308641.92179095728      
143         -312044.33780832216      
142         -308059.84385392169      
143         -307192.46107236802      
142         -306391.37311739533      
142         -305472.7355195359       
143         -311198.9583432434       
144         -312151.01724013087      
145         -316147.58829680365      
143         -311031.64077826415      
140         -301176.29894037161      
140         -300130.81408718054      
140         -297565.15788069216      
141         -298584.47658130084      
141         -303355.7171846946       
141         -304185.33996172831      
141         -302226.48718221969      
140         -299290.87148807006      
140         -298124.94468362199      
