150 1 -968 25 25 25
183         -66385.973228009709      
202         -80837.36932493365       
191         -73415.541176927596      
199         -79326.436951965341      
187         -71669.775358881947      
197         -79552.9471917419        
201         -82085.216604831367      
206         -85443.613984136522      
199         -79955.87425796107       
203         -82484.763901632396      
201         -79969.415589264769      
200         -78395.705652300807      
190         -70481.80896534826       
196         -74043.220481825643      
198         -75873.154166249529      
201         -79171.113770751399      
193         -73503.565258803952      
174         -61031.232166624672      
165         -55740.534255057093      
175         -62147.651955551817      
164         -55564.473768121978      
146         -44268.477284072673      
145         -41971.457412565491      
135         -36006.668761773471      
123         -31051.282884575543      
118         -30378.01738923027       
127         -33207.86765007364       
132         -38344.832883507646      
124         -36385.127368589812      
137         -40441.888111512992      
137         -40066.592118013381      
141         -41922.996898267855      
135         -40040.458930919711      
136         -39265.74944205943       
133         -37564.793659471186      
125         -30970.815923461414      
112         -24067.628390821304      
101         -22625.570790923117      
108         -26107.790822408038      
98          -20224.227107396146      
89          -17190.969307937725      
86          -16222.095183666685      
73          -12149.294026803271      
73          -12503.130683859908      
76          -12313.839688663169      
80          -13971.055058105307      
62          -10198.820748153816      
48          -5025.4604467088366      
57          -6609.2178065446687      
52          -6212.2816092501344      
63          -9019.0578099602262      
62          -9366.6761159217804      
66          -9957.4921908115193      
66          -9497.9019747649836      
57          -6481.2096836733708      
62          -9253.0152236736758      
58          -7349.0904389978659      
60          -9265.8055770110477      
56          -7836.076766571945       
56          -6844.6991028189486      
54          -7135.6522307065679      
57          -6200.5174557921418      
77          -12220.353908138537      
88          -15737.168198972275      
90          -16872.710469303867      
86          -15783.266407973479      
92          -17181.997000962121      
84          -16619.365507253511      
72          -14014.218575794264      
74          -14995.343487269582      
78          -15124.860567867683      
68          -10793.641068255492      
55          -5805.5496346017453      
51          -5665.9110194517198      
71          -11346.399496669073      
75          -13330.567098534038      
92          -21134.160795740725      
106         -26092.082549461898      
115         -29415.564958337018      
127         -35190.282228256918      
117         -28988.55117793641       
129         -33993.442768161818      
136         -37097.615081412623      
136         -38341.022911770997      
142         -39815.240499996558      
134         -38737.658761115716      
130         -35542.47078712075       
135         -37664.1855846369        
126         -32783.750492576874      
128         -33213.639926500247      
122         -29733.468719496446      
127         -32478.717501720203      
130         -33377.16227979515       
145         -41309.627896473809      
161         -52567.242449109413      
159         -51629.771254374165      
158         -50283.738597860596      
159         -51868.320461734591      
160         -51548.27451699313       
155         -49742.901188882672      
141         -42822.225227492883      
149         -45557.451686732602      
150         -45520.507641042765      
149         -45006.700680334885      
162         -52424.719759805936      
167         -56327.362860832458      
164         -55582.125262530069      
165         -56699.26318470369       
173         -62574.221279767211      
180         -64864.347514515342      
176         -62999.925595291657      
179         -63981.456896801916      
186         -67679.55885289509       
194         -72946.883364030742      
191         -71421.595761501987      
183         -66866.414517841171      
188         -69555.221678001733      
183         -66936.922432983367      
178         -61701.898010149831      
175         -59979.207926360708      
171         -58432.143367668861      
163         -52428.437925538892      
176         -61131.700805993663      
164         -53580.388939824959      
166         -56633.041803112297      
157         -49042.925723564695      
162         -52471.699393972653      
170         -57032.210569994924      
175         -60874.242758238426      
182         -65147.755913779853      
177         -62565.638403560719      
179         -65021.695758511552      
174         -60893.837373518254      
182         -65952.992627235377      
190         -70434.587104673978      
188         -69955.78934339172       
198         -75401.677936221269      
198         -77266.812065002392      
200         -79017.213969415432      
206         -84187.444314922905      
204         -83243.049633872157      
213         -88701.079254012395      
214         -90062.309233078224      
207         -84220.193703937854      
211         -87034.149744718568      
203         -81400.231346914821      
199         -77834.950345781501      
203         -81279.192504969469      
214         -92464.13400151908       
218         -94886.528885965396      
197         -80166.651020727746      
207         -84966.818691420776      
213         -90616.626740100939      
207         -86093.216853367194      
210         -88763.727045615713      
208         -85245.681540608624      
198         -78365.805511676866      
206         -83066.790929594601      
203         -82147.425454126904      
202         -82499.221901513782      
188         -72620.975330644884      
175         -63789.239003174502      
164         -55213.790322261775      
172         -59008.525749662658      
174         -62559.989982196705      
174         -61133.885025566437      
180         -64936.254887230934      
185         -68330.138766271615      
191         -72708.571378088614      
186         -68840.479611356626      
189         -72069.637772147165      
184         -68678.188935478669      
182         -68846.409638771584      
188         -72002.761351869893      
190         -72917.379515461027      
177         -62008.147942960619      
174         -60238.259565625471      
166         -54585.278254638681      
166         -55027.146209289145      
150         -44693.185298720193      
151         -44148.389479920319      
157         -48514.068958845884      
167         -55676.025540677074      
175         -61122.382249368027      
187         -70831.325133770166      
187         -71449.613927788043      
186         -70842.389810161912      
181         -68522.555491726671      
188         -72025.283263594349      
194         -75729.369287984751      
196         -74907.620243933357      
195         -73739.834990067975      
198         -78499.004794534441      
207         -85494.826744743827      
207         -85334.035046578952      
202         -83045.151070213746      
203         -82262.202930565749      
200         -79287.608716920106      
207         -83944.79506023752       
191         -73984.714993943562      
187         -72179.306210403563      
194         -75852.393388867844      
198         -78182.496079888864      
199         -77478.861579821125      
201         -77845.371583184169      
201         -79715.282239199645      
202         -81184.126973052364      
204         -82146.915951701376      
202         -79231.10500115421       
198         -76877.416000039404      
193         -71904.80569126457       
200         -80043.508434570365      
195         -76369.739961761574      
194         -75317.015947534659      
199         -79311.899428898236      
194         -76352.93716626786       
207         -86308.09918986402       
199         -80438.5870124293        
198         -78598.451318491338      
213         -87590.649488029972      
219         -91828.818658798074      
203         -80887.409509231744      
208         -85043.524028199274      
219         -95074.282507917291      
210         -86143.553393101713      
204         -82632.039425929586      
192         -75535.407918942612      
195         -77660.33350709459       
207         -85382.435146813892      
213         -89116.44747458768       
211         -88643.398971089016      
206         -83702.433129154379      
213         -90227.743686822767      
219         -94643.14840710006       
210         -86952.541782485539      
208         -85548.176869479837      
216         -89835.807346692658      
208         -85216.578559131711      
211         -86491.24665111379       
203         -80626.663056444653      
194         -75471.500044730448      
204         -85470.171408029011      
201         -82445.069429178446      
198         -80407.655234210324      
213         -91350.709365850329      
207         -86830.843324014975      
203         -84176.518766062465      
197         -78835.179666236741      
203         -83310.820002198219      
196         -76518.11980228679       
191         -72683.072031244839      
196         -75154.892278155938      
195         -74960.413020779015      
192         -73711.008313459795      
201         -79576.348895715229      
194         -74812.431131509133      
176         -61439.154099123312      
186         -68393.644002374494      
165         -55030.047637407588      
168         -56853.886084270416      
161         -56157.631971760718      
168         -59094.707664373746      
171         -61365.083718751135      
173         -61325.172466503675      
168         -56760.826602966859      
165         -57081.128836754688      
172         -60514.327668896418      
168         -56395.613261580787      
172         -58970.197249774566      
177         -62415.119476624372      
173         -59066.914884949678      
176         -60350.588400655899      
165         -53883.255967106743      
170         -58564.968690116759      
178         -65014.059400618964      
183         -68196.474649810334      
186         -70901.135027548793      
180         -66047.864765213177      
186         -70554.351135307952      
199         -76793.050962466834      
203         -80051.832221512028      
202         -79448.666130564292      
206         -84361.397436052051      
223         -97180.27427962239       
213         -89471.54715115513       
211         -88766.694435286016      
219         -95766.452691820523      
214         -91144.125459253482      
218         -92543.019445387938      
217         -91192.385463897779      
215         -90502.584064070717      
210         -87407.906479716112      
205         -83612.681057655165      
212         -88237.1568513651        
203         -80971.119569386632      
197         -77202.682265473006      
201         -80534.652245603807      
206         -84976.585247353767      
206         -85515.129465346356      
208         -85856.336706852482      
207         -85015.696155612663      
213         -88259.773688680943      
215         -91225.337852266835      
221         -94647.621504555107      
225         -99183.103844782207      
226         -101374.1463766098       
220         -96155.503791855488      
219         -94740.835956442432      
227         -101506.50481163624      
228         -102284.41074887874      
225         -100195.07510827105      
231         -104944.07755086658      
229         -102930.260911805        
220         -96695.21699673422       
212         -90621.843966184315      
203         -83286.831449559628      
204         -84808.137525171638      
196         -77478.466008606512      
206         -85571.955687162568      
208         -84847.047175982458      
208         -85478.087372528535      
211         -87477.477040332684      
205         -83529.690776365082      
210         -84731.991911741148      
205         -80475.075272367481      
203         -82001.531185356522      
204         -83320.246760418871      
203         -82040.786591366137      
202         -82092.000008277711      
213         -91565.001546248328      
219         -94473.518273785769      
222         -97366.06262842883       
220         -96035.310086111829      
221         -96854.826109129674      
220         -97781.241688401758      
225         -101993.81308004804      
223         -99793.096948634906      
223         -98237.157003189786      
218         -94444.61585669659       
220         -94960.722853486324      
216         -91750.173639728629      
203         -83620.527062710811      
204         -83649.67701853723       
204         -83861.466514694272      
193         -73979.693098609248      
172         -59297.740315535062      
183         -68255.15750596991       
188         -72130.879883342684      
183         -65509.848697099667      
184         -66204.576599278866      
195         -74451.124112711637      
196         -74154.174835702463      
193         -72303.632038443146      
188         -68032.368713828007      
179         -62768.633739454759      
172         -57872.809234922424      
185         -66142.288357644182      
181         -65012.139917078042      
192         -73042.799487708646      
194         -75241.446568706058      
181         -66189.50580949492       
180         -64552.967153905207      
182         -65739.1463094582        
189         -70226.192843955738      
184         -66893.276137531211      
196         -75374.684017189647      
191         -70775.168351329834      
173         -60284.94295279681       
177         -63011.601153603595      
171         -59098.49738693238       
178         -63192.637133880664      
167         -56060.450191094205      
166         -53586.372898841473      
163         -53118.989469506159      
165         -55839.09089123521       
176         -65137.894522603536      
172         -61480.476884607328      
166         -54682.787577235948      
177         -62387.376532023518      
182         -65868.415627795024      
173         -62412.154073142097      
164         -55805.056086376455      
161         -52053.691930361587      
165         -54928.410640597009      
158         -51923.239088850256      
166         -60344.351591761544      
168         -59919.262625485397      
174         -61692.149583719169      
195         -75588.061601579888      
213         -89379.162748605857      
208         -83495.434375978686      
208         -84474.232166294809      
221         -93716.733317516395      
216         -91993.961106887713      
216         -93117.464730173713      
211         -87798.460625498032      
204         -82417.160649482568      
209         -85705.855966641422      
211         -85321.050728333794      
202         -79963.985268494405      
202         -79668.93845777573       
193         -71981.309449122607      
190         -71394.650161795784      
192         -74338.79406690452       
190         -72684.913554839324      
177         -63873.482906155325      
176         -61599.727408234583      
186         -67369.096772636069      
177         -62218.749826462328      
158         -48729.876158734085      
166         -54870.414861540063      
175         -60405.08550378152       
170         -58454.67042844696       
184         -69261.270605574755      
178         -65545.845254050582      
180         -67024.032351115588      
184         -70913.258164846324      
168         -60631.452086678488      
177         -64981.55394305518       
181         -65293.275200815151      
182         -64933.076364363915      
177         -61027.158639335881      
180         -65642.670149700629      
191         -72851.764335967615      
184         -68967.887564513105      
184         -71016.652342991947      
186         -72454.963219994752      
196         -78083.236760022919      
191         -73557.212633753705      
181         -67390.17740775428       
178         -65666.1396020791        
189         -74301.64824445144       
195         -75846.965717199593      
194         -74790.235560460947      
202         -82898.730620717586      
196         -79147.826026427385      
191         -74793.620362896923      
182         -68322.863507575865      
191         -72641.629303642127      
190         -70558.306047883307      
185         -68406.415089001894      
190         -71942.167757335061      
205         -83079.319027098216      
202         -77894.846154244646      
201         -77130.515024979744      
182         -65109.896599427069      
178         -62517.640270083633      
188         -68153.635055368053      
194         -75107.35375527975       
193         -74597.485226527686      
192         -73395.252934845936      
202         -81875.305545844298      
203         -81597.955940845612      
198         -78869.9888171825        
191         -74165.629208390994      
187         -72867.944203281455      
189         -74297.764076088657      
191         -75307.357315759276      
216         -94254.0184167236        
215         -92801.638457439971      
215         -92119.025290158315      
217         -92783.664225066823      
210         -87657.749124805661      
207         -84900.939865027394      
212         -88184.903740099078      
209         -86977.096646568054      
214         -90198.175469413647      
216         -91642.26461272758       
209         -86373.026883869592      
213         -89968.19227312968       
207         -86452.747259261538      
204         -83434.091213023727      
210         -89065.202904248232      
208         -88437.522912028755      
196         -78002.523928609342      
191         -73867.279774413866      
193         -75190.458798967375      
209         -88585.839848427742      
208         -86856.618776139134      
210         -87541.245460428589      
209         -87158.277354885839      
198         -79633.467978805464      
205         -83366.558176037812      
208         -85532.727506543626      
197         -80354.586649937381      
194         -76332.264194311676      
194         -76437.69138246261       
200         -79378.45267156414       
203         -82238.45124025819       
202         -80570.593845681666      
185         -68112.224830118459      
171         -60539.14608140671       
181         -65720.440851131483      
171         -60235.98036644989       
173         -60884.93816995636       
178         -64921.635951198608      
192         -73265.629458012583      
200         -80375.386702653646      
210         -86935.478873643355      
203         -83365.32324835661       
196         -77653.551008316732      
198         -81335.129142060527      
191         -72206.478690510354      
203         -79843.609442522109      
198         -74811.281508262648      
175         -61459.810559607773      
184         -66205.403889503446      
182         -66398.63998576907       
183         -68687.676593677883      
186         -69909.577435486193      
180         -67001.88780500734       
186         -70050.398096992372      
185         -70052.387176363482      
184         -70180.904363646056      
189         -74719.117427154764      
193         -75231.150685935645      
206         -84402.379146968218      
203         -83507.015963431302      
202         -83145.435447314114      
216         -93503.879963390573      
210         -89591.44233299201       
219         -97140.857632089072      
218         -95987.07846448441       
215         -90844.2460882265        
209         -87340.194813429829      
214         -91954.792133968876      
213         -92818.843246717137      
215         -91218.003434911821      
217         -93232.132165533229      
219         -95623.896545077805      
223         -99301.970561710434      
219         -97815.642889515948      
209         -88593.778546905713      
219         -96184.629833385741      
211         -90909.435099821916      
220         -97535.092059040806      
215         -95958.996680024502      
217         -94926.469285793661      
217         -94402.95373577268       
215         -91187.068907759924      
222         -95640.952025948791      
220         -95349.074031328826      
230         -104237.89909073577      
218         -96208.217935258028      
225         -101770.33144299006      
214         -93205.991129788061      
222         -99430.360592022989      
218         -94677.45851866703       
224         -99743.402980948944      
222         -97841.762996489342      
217         -93831.258684694767      
219         -96931.328694876676      
223         -96829.849272546722      
218         -91566.5258436695        
220         -94416.902488916006      
220         -94092.622640880159      
222         -97538.493273836561      
215         -93104.497452256343      
205         -84156.907228386306      
209         -86452.548527665844      
207         -83511.772501157524      
213         -86529.345256698187      
210         -84474.593656108831      
206         -81437.978022122741      
200         -78454.861109472593      
193         -73619.091686053769      
197         -75177.598187563679      
195         -72295.174035571239      
172         -59113.581568548019      
174         -59185.592727347052      
176         -61441.280343460116      
169         -56440.193396421229      
172         -57282.173940206812      
173         -58836.478796927258      
175         -61849.588060706512      
184         -68899.885148171714      
183         -68920.731355546697      
176         -63887.049852295844      
174         -61655.608244150462      
175         -61837.542340716827      
173         -60374.527663792112      
163         -54939.127854918886      
170         -57104.757972144784      
166         -56850.545456654436      
160         -54478.327177352032      
162         -55253.346733208702      
176         -64527.109369429912      
174         -64590.898649919072      
175         -62734.541030853004      
183         -66513.83267931694       
186         -67022.915052747834      
178         -62029.430079042038      
189         -68653.4077574072        
185         -67480.349040507062      
184         -65181.168570247872      
182         -66017.356384271246      
175         -58966.427706019946      
176         -60513.140333512281      
172         -57095.065050396413      
172         -57904.776288260357      
170         -57319.039565498271      
156         -47614.121444735661      
155         -49540.120108707961      
172         -59234.942553559486      
175         -60654.552307354847      
176         -61315.175267461258      
170         -56614.311560235998      
170         -58192.28571381278       
167         -57550.906442341686      
166         -58148.895970549274      
168         -57640.231165015713      
191         -72201.06155472809       
191         -72365.035234074967      
192         -73709.739007759257      
193         -75708.922499157226      
197         -77560.38282851837       
191         -72883.581992753607      
196         -79552.554364077805      
200         -81031.899722054179      
193         -75044.409022938242      
200         -80569.580925517468      
186         -71057.515849547184      
193         -75809.412755493875      
171         -60263.594479765532      
181         -66985.05626847301       
177         -64531.208143506381      
187         -70875.823014350084      
174         -61668.808898469586      
167         -58238.589701863442      
178         -63520.48848901497       
172         -59674.780577105368      
182         -67704.287951095044      
182         -66156.843421074795      
185         -68064.852042151688      
192         -71673.119639304554      
188         -69344.606055318232      
187         -68803.163862523143      
175         -60971.462603735541      
185         -65903.038257245789      
175         -61051.166658264716      
167         -56854.784785630647      
177         -62549.301458402828      
184         -66535.827876810145      
176         -59769.393878205992      
184         -66133.862327795214      
174         -61301.087193290739      
185         -69003.700601160395      
183         -67303.708149739716      
179         -63048.657840572305      
172         -57580.270280596065      
163         -53258.394499760507      
170         -55945.75033229393       
178         -60630.839913534539      
185         -65495.393280497592      
179         -63469.71126195485       
182         -64982.216265647556      
181         -66812.689237858591      
176         -62241.922981947886      
192         -72204.970833266576      
188         -69926.882772913814      
176         -61330.833197768618      
185         -66537.080161837017      
179         -63059.93543588592       
181         -64907.383702866522      
192         -75606.740149151752      
187         -72871.900329220705      
194         -79076.134579457721      
199         -81125.995255449991      
202         -83786.61603031453       
192         -76546.408616078916      
189         -72941.980523110702      
198         -80942.987064419809      
209         -87193.006812593332      
209         -87261.765117392148      
207         -85823.26494113919       
199         -80570.704173524777      
203         -82995.980493151321      
215         -92518.337679816337      
214         -90900.250123148944      
216         -92883.034051563125      
223         -97639.805051929274      
220         -95729.357338194648      
221         -95131.520628242273      
218         -93074.033907264369      
207         -82662.121733865803      
211         -85077.957627251366      
204         -81981.149267461908      
208         -84718.553608831629      
209         -84525.929873739049      
198         -78265.668367917824      
196         -76177.748000611478      
198         -77228.55029576541       
198         -77835.390694560032      
198         -78067.493267901431      
189         -71432.831981950731      
191         -72686.397289219793      
197         -78567.254815630906      
201         -81936.721834876706      
206         -86042.128356455141      
212         -91771.68486765484       
217         -93942.043958615221      
209         -87084.288421061166      
210         -87340.76407675333       
209         -87144.802495710945      
205         -84797.187916255367      
209         -87280.851299065762      
214         -91302.129079271777      
199         -78807.469485832786      
199         -79554.299592422336      
201         -82799.41387146528       
201         -81158.187329203007      
197         -77492.805977046926      
189         -73159.074879212581      
181         -67520.620950756726      
179         -64859.900500990778      
182         -65670.913826694406      
179         -64168.305781150128      
186         -68334.633018812441      
186         -67778.988713054699      
175         -63157.889703009867      
179         -65591.799336350174      
184         -68180.827119089154      
186         -69187.278993603177      
173         -61943.418892000278      
171         -59754.971727104879      
160         -54133.31442641365       
168         -59732.781971341938      
179         -66740.708571328723      
168         -55543.931902495053      
177         -61978.976405414171      
182         -67820.194148156152      
182         -67974.675458583632      
193         -75149.106731212072      
185         -68402.878670536113      
191         -74581.327392915467      
178         -68220.684233374937      
187         -73734.172218766034      
188         -73043.09777710562       
201         -79221.184999481615      
206         -81859.109248394714      
204         -81423.798966981296      
205         -82020.952868391032      
203         -80260.338694742284      
198         -77882.22821417563       
189         -74043.857227433924      
192         -75360.794792073255      
202         -82463.85235008887       
203         -81472.353769270107      
211         -87441.423043381976      
213         -89193.009418303103      
210         -87393.704931975371      
208         -87163.358390390698      
201         -82265.123918766229      
201         -81407.991012247119      
197         -79721.204187238967      
203         -83008.675634988293      
197         -80895.166264434258      
198         -80141.295716073786      
197         -75945.417933807243      
204         -81628.015354036368      
200         -79789.10930134439       
185         -70215.657526335985      
185         -70118.963826909618      
177         -64010.609917211077      
181         -66721.011634976778      
180         -65012.024674483291      
179         -63861.357240343597      
180         -62180.595150147979      
186         -65766.998610916315      
185         -67056.912884019082      
194         -72928.69462508797       
176         -60189.133684731874      
168         -56359.876341595555      
163         -54667.582267504418      
150         -44817.036153035093      
147         -43479.89283630142       
151         -44621.561622397632      
157         -47733.621744669319      
150         -43761.432648083552      
151         -44402.37993857023       
157         -47746.652928154421      
161         -51388.524765548602      
151         -47016.177996634753      
133         -35306.638941114965      
121         -29779.950789252609      
114         -28162.917061184602      
99          -18257.348893910239      
81          -13420.738598070471      
81          -13948.66425329611       
89          -16186.049255346341      
78          -13011.135638173109      
83          -13189.963928291249      
88          -16957.24125229082       
67          -10453.110775198522      
72          -12717.958797633471      
72          -12282.222586937143      
70          -13342.824067343363      
58          -9542.2846116315941      
56          -8714.7852321745777      
51          -6502.5245209592085      
41          -4383.3396746249791      
38          -2734.0277502853737      
31          -1883.9076952094149      
47          -4517.908211797293       
48          -4980.4253446105995      
58          -7368.7960893599238      
43          -3883.1699580416953      
52          -5829.9630759808661      
50          -5091.8944289988485      
51          -5843.1787914980096      
46          -4466.4197191314206      
47          -4307.8000984315686      
64          -10088.319296249278      
53          -6687.4695539679888      
51          -6566.731694913653       
59          -7355.9437463420709      
57          -8116.3742280712422      
67          -9175.1129199705301      
54          -5281.2191833550914      
66          -9855.6343111049609      
39          -5360.3801212298131      
37          -3487.7945240697454      
43          -4453.8498024567862      
54          -7362.5208798866215      
46          -4991.1074955695112      
85          -15078.81336153359       
94          -17829.232437901825      
102         -22490.148517341804      
104         -22625.398363853757      
96          -19455.365560384042      
91          -16924.426390530665      
92          -17185.065228823343      
88          -16077.23956706036       
79          -12576.908661460313      
82          -14304.234734887919      
81          -15121.630593238919      
82          -14297.234198352191      
76          -13614.756817347061      
87          -16359.943058172921      
80          -12291.606437781562      
77          -11370.091393640882      
83          -14863.955722034587      
74          -10887.308342284354      
76          -11814.672132938826      
90          -17647.000976470135      
93          -18708.638757232678      
94          -20105.427123367528      
120         -29392.763978998151      
110         -26856.778754568903      
112         -26048.86659384672       
97          -20960.012436113338      
96          -20297.249910846062      
101         -21695.752302564153      
101         -19489.020897255836      
101         -21174.643875444865      
94          -19621.413115297393      
85          -14886.261765954605      
90          -16872.532431949174      
72          -10116.007258098021      
75          -13148.78545663052       
65          -10341.680640286681      
45          -5043.9160767750891      
32          -2365.6735957301612      
48          -5587.1349545654775      
48          -5500.1954037136175      
49          -5935.6644075566892      
59          -8082.4676935531052      
65          -9031.1616357962339      
71          -11483.877844799543      
66          -9732.6282290901927      
58          -6706.4649427413251      
53          -6191.4576986860056      
56          -7416.6600362965464      
53          -7986.8188201890271      
65          -8538.2115865696505      
79          -13696.361020049322      
91          -17276.83530270612       
98          -20309.928120490076      
91          -20450.281119760468      
86          -18568.742518835468      
72          -12894.024852700828      
71          -11817.192969589762      
73          -11575.685580104317      
64          -8991.9159899020469      
59          -8290.0859210882027      
58          -6653.1558992201735      
68          -11556.547200345158      
55          -6263.2655253612293      
41          -3042.4142693162225      
53          -5900.6629327526971      
62          -7596.3109744953344      
68          -10255.285670791274      
73          -12208.625120265806      
53          -6184.9346528701908      
54          -6355.8608463431237      
64          -8577.533498646997       
67          -10299.141160770971      
73          -12029.314186016387      
75          -12730.66257634007       
67          -10485.766102905367      
65          -8652.9522306871258      
72          -10429.271539010564      
60          -7233.9664331382046      
52          -5003.2846195399843      
68          -10485.765178666707      
81          -13958.976371490651      
77          -14014.425458663569      
66          -9239.3904649161232      
64          -9167.4062890065397      
66          -10034.789469940739      
48          -6103.5848267141046      
62          -11833.737414276575      
57          -9122.2056553485072      
65          -10337.707112307873      
60          -7662.5843265864014      
47          -4380.546996731232       
51          -7417.5976216284971      
57          -7878.4221388590868      
89          -14734.889077598435      
91          -17050.534505470187      
84          -13770.441982588622      
74          -10153.9634837913        
62          -7248.1285413757105      
47          -4833.210667982923       
47          -4763.0888298862301      
62          -8124.8878873873809      
67          -9871.5515459572562      
85          -13385.212449873303      
94          -18369.074023478388      
96          -19166.42582145326       
82          -15322.377582497838      
97          -19765.262558473274      
76          -12706.782916924492      
75          -11461.080708780524      
56          -6087.922482599015       
59          -7213.368564010465       
62          -8610.1301192959909      
63          -10164.092883194577      
56          -8489.5508747546755      
60          -8652.3125471713192      
75          -12774.979227781932      
53          -6615.9211227196884      
76          -11003.851210756287      
94          -16880.641439111034      
71          -9770.1217284214381      
58          -7706.8146878055413      
67          -9733.2847853064322      
69          -11781.451312238603      
55          -6208.9025856011767      
50          -4007.8018430888733      
47          -5491.5760524080733      
54          -6378.7595552680586      
63          -7498.7509132353653      
70          -10606.953831247909      
74          -11307.804027277516      
62          -8147.9680976898617      
61          -8574.0382614319806      
62          -9570.8711628560941      
67          -8529.2150824957662      
65          -8892.9760469924349      
72          -13359.553821903968      
60          -8214.5615338868301      
53          -6054.5350957002847      
53          -5867.7580196700328      
42          -4025.628438223338       
39          -3173.2863224393996      
46          -4673.3703420939337      
52          -5513.5883355870938      
62          -8664.6774294871902      
68          -10903.069060904641      
61          -8448.3062854382733      
51          -6473.556418972471       
47          -4565.3653922348194      
52          -5029.6747315951779      
38          -3709.2546640868536      
50          -5756.6746056485226      
57          -6847.7103766265927      
56          -6449.1922480229141      
50          -5793.2044385121417      
59          -7922.3231170164772      
65          -10763.719063976432      
52          -5940.3734197878139      
54          -6091.7812197131934      
56          -6981.0134385716301      
47          -3812.635531489741       
75          -12629.505625293934      
64          -8867.8101514464724      
58          -7442.0157770124815      
50          -5109.7654194298002      
54          -5220.677906549724       
40          -2693.6634618874536      
59          -7848.6891661540403      
52          -5891.4518801558179      
65          -9138.4533828337317      
53          -5484.6595981391019      
46          -4357.939437428302       
57          -7347.6836345049933      
59          -8433.8759805794471      
59          -7428.3091997330657      
43          -3860.1919248936515      
33          -2110.564592926532       
48          -5276.2197887889652      
57          -7565.4500927961053      
59          -7689.207787084224       
57          -6319.9747650188174      
55          -5760.5914361292926      
50          -5228.2729746051264      
54          -6506.8868254003073      
44          -4039.5464908356203      
46          -4241.7004410217587      
64          -8272.3454249236638      
60          -8433.2442984079407      
57          -7809.5376899966286      
63          -9256.2397651580177      
63          -8189.2861795534191      
53          -4748.8067161999061      
49          -4618.9914348912507      
38          -3163.5568981558199      
42          -3969.9397946614672      
51          -6209.8241470432331      
68          -9841.0113480947402      
72          -11553.805768507875      
45          -4734.3534858927915      
44          -4121.5807693168508      
49          -5039.7926071942111      
53          -6554.4039470714597      
45          -4924.1006493680807      
35          -2583.0299880053635      
47          -4415.7732509635425      
45          -5334.4019212181174      
58          -6877.8153653421668      
67          -10479.405056737887      
68          -10263.617616822519      
66          -9505.2005163515732      
73          -11878.502059000981      
71          -10412.238881082772      
86          -16377.913718473996      
85          -15694.523901120465      
85          -16701.652608237055      
98          -21033.172487940472      
95          -19106.700928020011      
93          -18325.045394194192      
93          -19246.17726655538       
86          -17480.761893029288      
91          -18605.071827873537      
103         -21554.833026945922      
103         -22312.613691195067      
107         -23182.694211800313      
111         -25374.321901849726      
111         -25889.754766630947      
94          -17822.894863109068      
96          -18797.941507634714      
91          -18096.751849789751      
106         -21619.159943463095      
89          -15530.527269165917      
83          -14310.272733680027      
80          -12543.218344172938      
71          -11150.773578832206      
70          -10589.687239495766      
68          -9386.6372500361758      
75          -12055.791875837655      
71          -9920.0955358160481      
92          -17610.146232693078      
86          -15847.157264389936      
91          -18337.745489245353      
79          -12551.843716137269      
94          -17866.956758363729      
109         -23942.304238055331      
125         -32132.922999157436      
114         -28039.26703342735       
135         -37502.184707070381      
142         -41294.952596550756      
143         -41767.394276382031      
139         -39337.518009636849      
141         -40062.249085154981      
131         -34315.323936485904      
112         -25505.671951330733      
122         -28926.83731811406       
119         -30502.589595286947      
133         -37045.836614850414      
139         -38375.071860895085      
142         -40418.523232087173      
141         -40168.814227074501      
147         -45031.622573591048      
149         -45903.861621438919      
156         -48856.522644778881      
167         -56378.525868930614      
175         -58904.494695514739      
163         -50720.700063724064      
162         -49780.810055909627      
163         -51126.184602214344      
173         -56475.091322140164      
181         -61129.748146999322      
186         -65013.254809383572      
179         -62157.48431646984       
175         -61230.448431365949      
173         -61799.858754666508      
178         -64254.257769489544      
179         -64530.503886714665      
180         -66083.235848139884      
175         -63274.231908497924      
180         -65371.222261029303      
175         -62976.718671951123      
177         -64319.108820435984      
180         -64259.527332547819      
186         -69744.148697634431      
182         -68181.485902533619      
188         -71268.602032065741      
184         -69877.136960731368      
186         -70963.17876669798       
185         -70352.18874181369       
198         -78499.680332192627      
187         -70314.018267663909      
173         -59892.838886364036      
177         -61485.946358719098      
156         -49736.415556310531      
152         -47610.527973304423      
147         -45384.614415991622      
146         -43314.507398454203      
158         -51348.905406173864      
157         -49855.502820044589      
151         -46131.217532114904      
149         -43506.651982931027      
154         -44974.356815506544      
145         -41101.512831686799      
126         -32903.02849292547       
140         -39604.322562498281      
140         -39442.628783236709      
148         -45537.79429394818       
145         -45183.300543978883      
140         -43892.15954460713       
133         -39058.574535287524      
120         -30073.644260179444      
122         -32443.100159873764      
120         -31506.984449682986      
129         -35005.187722958908      
140         -39626.235858886532      
123         -31289.502852892834      
119         -29746.169236299531      
127         -32363.681068474449      
133         -36560.225075954084      
122         -30900.650821869975      
117         -29088.408123706609      
103         -23061.930433250789      
101         -21561.329044220842      
107         -23016.797017617693      
100         -22036.829731077742      
91          -16340.284320903878      
89          -15776.649709514659      
76          -10961.875052580801      
74          -12603.611691721448      
77          -12769.161054065409      
80          -14940.474595390471      
84          -18320.391524210794      
60          -9542.453957910011       
50          -5576.5658382295824      
74          -12245.291306526095      
77          -12859.754343317301      
79          -13392.697534817758      
81          -13195.443133271827      
63          -8126.8969496211112      
57          -6783.4331972094642      
66          -11309.132722285809      
70          -10956.988052537792      
68          -10521.389785061327      
71          -12415.528423283993      
79          -15769.82544872399       
69          -11016.27028174517       
55          -5974.3440675109796      
60          -8506.4997084159095      
66          -10211.973948899276      
70          -11222.390714072068      
82          -13738.189383497203      
66          -8896.241100903384       
64          -9295.9720980512047      
86          -17145.158184234799      
94          -18724.409235183764      
99          -20630.799467154629      
107         -24028.083847321526      
93          -16673.11286137463       
89          -17237.481046507168      
98          -19159.764778338555      
102         -21813.519771053398      
95          -18601.797581664789      
98          -19927.862769289626      
92          -18271.563243218345      
81          -13377.353552853798      
78          -12494.276650070873      
64          -8683.4702376345595      
67          -9985.8861823071529      
61          -8849.5576966077278      
56          -6523.6497467304889      
64          -8020.7151755382747      
57          -7079.6834009742206      
55          -7182.6259699631892      
56          -5905.3304708739943      
51          -6201.743359354502       
56          -5865.1306095035998      
42          -4540.3479506936292      
46          -4607.9322106575964      
54          -6626.2460587867808      
66          -8951.5443742973275      
75          -11904.162073955105      
85          -16093.483313850622      
82          -16036.760963163786      
78          -13155.08840930577       
64          -8233.1765228456152      
71          -12207.41134872793       
80          -15020.460020218919      
85          -16025.119898283572      
76          -13360.644809085572      
79          -14164.316042457596      
78          -14284.688004274487      
64          -8415.0202135132749      
78          -13590.053324532302      
60          -8626.8625360331207      
56          -6307.6405953213598      
65          -9094.8819753976768      
58          -8186.510047968155       
66          -11083.412027284423      
61          -8589.5243724829579      
77          -13778.114473039232      
79          -14409.890886447107      
81          -16260.266220169444      
81          -15599.026052902838      
81          -14311.057502689968      
80          -14826.094678069921      
79          -14955.211092285483      
93          -20368.496027767887      
94          -20268.484159985022      
108         -26138.998377519823      
104         -25420.672119182294      
96          -22427.64635073566       
96          -21702.42071242263       
93          -21660.287794245356      
89          -19111.374134849426      
81          -15546.602195386558      
96          -19845.728203176481      
101         -22301.164722614812      
91          -18206.051659662568      
83          -15286.688436720482      
74          -12200.28023107005       
78          -13796.935081541169      
62          -8749.2379990098834      
83          -15085.642834541964      
95          -20262.268532834358      
81          -16150.164013477222      
92          -18375.458026365355      
106         -23376.901924684043      
119         -30992.001145602888      
114         -28671.436431047074      
120         -28948.025912995778      
121         -30102.191872126547      
120         -29329.50559635201       
129         -34475.889140464889      
131         -37998.833586179782      
140         -40672.806268086861      
132         -36592.058577705473      
121         -31409.697992000245      
114         -27229.781999252096      
118         -29104.428784809981      
123         -32318.037129808021      
123         -32429.302131105855      
125         -32867.451778885283      
134         -34720.642213625411      
137         -37083.628878944954      
134         -40152.159432521228      
127         -37113.623547553587      
120         -32156.261740392172      
133         -37288.377078680576      
143         -42370.3738157685        
144         -42512.345701076192      
142         -41088.089867435534      
134         -37874.649359204435      
141         -39777.178885696601      
144         -43177.319389892909      
143         -41467.893915135377      
138         -38855.722375720019      
148         -43571.425367183736      
153         -46695.261411001688      
148         -45405.094982463175      
155         -48690.661640832368      
160         -51200.58005074862       
162         -52559.813566947683      
158         -50203.337431794709      
165         -53019.245160866951      
155         -46909.639674548591      
164         -54078.275061191474      
150         -45064.898861252965      
146         -44283.075255893607      
124         -34354.869589081805      
132         -37719.143091654703      
137         -40153.504357467333      
124         -33689.487557766479      
134         -39873.66328286846       
133         -39507.327777144281      
144         -44683.968854389583      
159         -51184.38539359525       
161         -52299.31863974101       
177         -64051.643575257433      
184         -67952.447632836789      
169         -56933.351814487331      
180         -66011.316928935412      
176         -63088.350531543634      
175         -62804.24178253275       
163         -53896.404225810787      
150         -46395.237475200673      
153         -49636.284081941616      
161         -51516.923401796601      
158         -49834.12215688343       
149         -43483.16302485951       
142         -40213.079454976825      
152         -46468.662286557657      
144         -42556.738319111435      
158         -50873.061582598544      
160         -51478.812476282197      
165         -52454.696900391813      
168         -55661.489880881862      
144         -43347.670451482118      
140         -40551.619546972717      
147         -43417.829981345938      
154         -47734.252987469932      
135         -37054.746030056966      
122         -31700.795038843069      
133         -37042.631219007453      
134         -39328.85001964611       
148         -46004.079437182969      
135         -37770.960433041007      
125         -34302.011935170514      
126         -33840.453983891741      
128         -34721.796982589178      
135         -38102.404109883893      
141         -41754.773873915619      
138         -41015.685711804457      
141         -42871.976340437708      
152         -46919.410948063975      
142         -40860.056756386824      
144         -40743.742922591191      
151         -44993.535538221178      
144         -42908.625425456376      
138         -40749.860188316517      
147         -47720.273755312657      
144         -45429.515420344163      
154         -50080.161101380028      
174         -61482.257247943809      
171         -58924.410925128614      
186         -67397.751780794468      
183         -66296.704932686436      
197         -75793.320220093505      
193         -73821.192957953783      
202         -80100.664450083932      
196         -75516.352578467122      
203         -80542.028280160666      
205         -80896.5960922128        
207         -83608.24092973645       
206         -84401.919213467132      
200         -78498.021077657613      
202         -78920.046663482455      
198         -76802.280240497275      
185         -67924.697457295217      
187         -66422.759328321888      
179         -64220.486413618695      
180         -64895.557108263274      
181         -65709.166331129527      
176         -62718.838384166731      
167         -56570.151414908571      
173         -60184.746403274243      
171         -59503.879438781558      
163         -56491.980840533026      
179         -65265.009203701688      
169         -59850.40090487845       
174         -63225.385139446887      
184         -70866.67947735799       
180         -67479.140989701526      
184         -70650.270976396743      
189         -74392.786273067628      
193         -76696.583116940994      
198         -78824.67561747189       
204         -81931.916826493645      
193         -75022.922799966953      
193         -75370.455291532198      
194         -73108.258297204055      
192         -73884.512300508577      
182         -67059.706291678143      
186         -71014.167453011905      
190         -73840.815620594731      
199         -78792.194732333825      
191         -73677.010010125217      
183         -67186.852361623736      
188         -72559.63914789402       
167         -58929.854973728783      
175         -64334.794413195588      
176         -65277.619320784615      
180         -67243.575609811509      
185         -69320.594802697335      
191         -73858.612348973227      
183         -68104.462883527172      
174         -62966.550757295576      
175         -65081.967255741438      
188         -70699.489101793675      
191         -73225.110467827108      
189         -73278.993601902141      
198         -78077.916134783067      
207         -84218.908544997947      
207         -84630.588318763359      
211         -87516.200321239536      
207         -84957.435078904658      
212         -87763.915715384763      
197         -75953.000615551937      
186         -69255.367061531535      
187         -70188.158150693169      
194         -74915.836577958617      
204         -81126.872107793446      
188         -70978.975673151654      
194         -74900.156191893446      
192         -73098.452554742922      
184         -67804.444072594575      
176         -64948.166131631653      
175         -64853.957663185749      
171         -61121.15010794843       
172         -61347.187317047603      
178         -67177.656633769773      
177         -64233.12433532955       
173         -63742.404759315948      
183         -69463.213953337603      
179         -68340.3241061429        
184         -70486.133223794401      
188         -72329.30964194861       
183         -69537.427194105621      
169         -59175.224052596037      
173         -62121.699185177655      
178         -66031.699255890155      
180         -68036.179839863049      
175         -64947.125790820675      
174         -65168.272080985087      
179         -67912.160796101627      
174         -62206.403102864613      
172         -61957.147860106634      
182         -66524.110830201316      
175         -61733.694635566302      
178         -65592.326077053483      
166         -57802.719840189297      
176         -62811.371052303672      
170         -59801.376950604958      
184         -68180.864874246792      
188         -71985.178701376004      
187         -72843.742792887337      
185         -71235.276745614538      
186         -71094.569695016457      
196         -77024.844381051327      
202         -82230.362574927305      
197         -78571.717727922223      
193         -77873.640200173308      
195         -79108.806798441321      
193         -76675.874611299223      
183         -68851.10974020834       
192         -74404.123775427768      
196         -78180.145431571233      
194         -77501.993611345519      
202         -83079.725071246605      
208         -85243.102361848185      
201         -81186.377704358791      
201         -80983.914950510574      
201         -83060.723919716402      
200         -81920.294188348023      
204         -86224.013137323738      
222         -99374.123355358592      
227         -101624.44157949879      
224         -97187.970762736193      
225         -97827.104820841414      
230         -100884.85145484697      
229         -101227.25679082212      
238         -109968.83371377407      
230         -104812.65376076964      
230         -105194.11083144731      
219         -96342.391894885455      
219         -95665.848557661477      
226         -99577.117128948667      
224         -100481.59308842712      
225         -100878.23178375163      
225         -100224.44259545037      
221         -94732.931253195289      
208         -84956.868623737741      
211         -84958.708380590338      
215         -88274.673952849669      
206         -82190.625910430608      
195         -74653.5193964387        
201         -80791.987049251868      
207         -83915.346568756315      
202         -80257.424985279838      
194         -75533.242209800257      
193         -75565.201037756779      
187         -71016.045812290758      
190         -73376.626856860181      
197         -79138.69061576188       
194         -77738.375675899777      
193         -76422.469738051441      
197         -77068.315504099737      
190         -72090.234912808999      
199         -76497.006067683658      
197         -78005.14250748168       
189         -72497.678005650596      
198         -78567.607813522976      
189         -74802.89062584081       
198         -79864.214746288722      
194         -77385.895040162723      
193         -75828.345495242189      
200         -80923.271306564362      
196         -78798.419099108782      
190         -75035.621036611265      
188         -73320.550753129268      
182         -68133.756986252309      
171         -60688.626059235459      
167         -58440.304380088812      
177         -64273.143279181335      
180         -65592.489123179912      
183         -66883.768532754664      
188         -71807.292405562519      
198         -79664.241584344491      
192         -75145.634471081095      
191         -74039.14006128913       
187         -70379.258527677666      
195         -75570.939486744857      
184         -68129.498193083971      
188         -71061.102746340257      
186         -69539.05311845371       
183         -65043.241018300207      
187         -69664.003131839054      
191         -70728.506628880335      
185         -67395.024245292385      
178         -64468.617935040413      
189         -69123.554883335615      
190         -71375.412076920606      
185         -70179.146918420913      
191         -73676.162317497743      
195         -76935.238492211865      
189         -71071.947376836353      
189         -71845.095091619631      
185         -68220.200277434313      
193         -74764.660924585522      
191         -73676.765444458171      
192         -73819.872844308426      
178         -64383.044067844472      
171         -60554.620394439         
171         -59969.56154858537       
149         -47148.397253212206      
155         -49680.575999747824      
173         -60251.640206712844      
168         -57492.232335284083      
173         -59696.992023925064      
170         -61233.743114971548      
173         -61218.591687595879      
189         -72006.094168795666      
203         -82177.947749729996      
202         -81630.324298261243      
189         -72021.801321058781      
190         -75045.020031739623      
178         -66850.713336691639      
176         -65362.333116664289      
172         -62868.745117978891      
170         -60642.878237841222      
181         -66408.261437419191      
173         -61690.146076644967      
169         -59486.512110926044      
176         -62960.694010387058      
184         -65666.391686452014      
189         -69974.384772412304      
164         -54919.911695848816      
182         -65193.162812743249      
178         -62591.928257112042      
162         -52954.191870732029      
157         -51343.047895348158      
165         -55700.964657083648      
172         -59982.655662437886      
173         -59970.162184670611      
180         -65683.749806445368      
166         -56338.181886351391      
161         -52475.216504361648      
151         -47929.670739963745      
167         -57585.000842320078      
174         -58316.442920463771      
159         -49378.127081597137      
134         -37153.909639301062      
132         -35118.769801353956      
129         -33546.187481264555      
123         -32182.548055496001      
108         -24698.76450969205       
112         -25429.960172244006      
99          -21208.696884148965      
97          -19196.935465563249      
122         -29689.68240155105       
131         -35563.354759149166      
122         -31026.090840791934      
119         -27784.763356298143      
113         -24373.811801071373      
109         -24212.689707668294      
99          -23305.483055862071      
92          -19999.631159828172      
95          -18645.67696915202       
115         -26127.554841067336      
104         -21634.417325009374      
109         -24113.801063876501      
112         -25298.969689230831      
119         -30319.31950408643       
130         -37745.770886289451      
132         -37591.931446414172      
120         -29237.504853642648      
102         -20724.079343944464      
85          -15621.888373024047      
109         -25413.756513550019      
131         -35152.285048001308      
132         -36550.856867409311      
132         -35487.705620548608      
140         -40226.723324215185      
147         -43730.63254449128       
157         -49981.365608947126      
151         -45648.818418281648      
155         -48201.182312238307      
162         -50997.003482325672      
166         -53097.731386835585      
163         -51019.498696166775      
162         -51544.152894671686      
168         -56079.72866255085       
162         -53727.811104821478      
158         -49538.472412318442      
157         -50008.602689331965      
160         -50877.564155542583      
170         -58343.309212218373      
170         -56756.382426282937      
179         -62787.996641853155      
173         -59206.513441802417      
161         -55303.90519769994       
165         -56666.904297122564      
174         -62978.007154750791      
188         -71008.432190466512      
202         -80949.95179089396       
204         -81872.699926063404      
212         -86974.106220432775      
213         -88641.580089034585      
208         -84885.703231196079      
205         -82284.190942497356      
187         -70914.630988027973      
194         -74317.634183664108      
199         -78685.317807687781      
188         -70921.697522737915      
189         -72481.967538161101      
194         -75951.146435999937      
185         -70465.364630141776      
174         -62459.094132730897      
174         -63251.605900398448      
178         -64092.848566656401      
189         -72917.861602340025      
189         -70360.99918765953       
186         -67805.125380443336      
207         -82444.164956033055      
197         -76726.880847666645      
200         -78768.777398325328      
201         -78148.683956638459      
203         -80844.592246909131      
202         -78309.810446707925      
191         -72450.076882900947      
184         -67981.143971326717      
196         -75458.606374063675      
208         -84507.834466011191      
193         -73499.578307691118      
191         -71540.07073278162       
194         -74035.820620930564      
193         -72958.416973109866      
192         -72538.467987498021      
200         -78868.689631338944      
197         -75959.119592862538      
198         -77671.086098974571      
201         -80536.827256451666      
207         -85656.43623943346       
197         -77742.410499949896      
194         -73672.028624537095      
197         -76480.105413378507      
194         -73582.701725775172      
195         -74384.841215335255      
183         -67360.167560958187      
172         -59796.923932709826      
174         -60644.075979055371      
172         -60620.661191513849      
171         -60146.877383829415      
165         -56765.394407026557      
181         -68092.239681739244      
179         -66085.421394235469      
171         -59869.472879059482      
174         -62515.355067804921      
176         -62795.798755728298      
159         -53123.66140280039       
163         -55456.721527407281      
171         -59344.098229691765      
167         -58075.006372789103      
169         -60469.575022991354      
189         -73621.500762558426      
196         -78725.532375128008      
205         -84335.640607050897      
196         -79803.005676438013      
201         -82958.740244845569      
206         -85534.918051940709      
200         -81133.216452455177      
200         -79953.733208738486      
203         -82445.14703818463       
202         -82819.274753151563      
195         -76446.556838444667      
195         -77925.077912230918      
192         -75646.767386363194      
186         -70265.532010651717      
189         -71590.154768251377      
190         -72888.89060132399       
204         -81387.027655167592      
212         -88598.661090421796      
207         -85481.88410106166       
201         -81315.314830695177      
205         -84373.712522264817      
206         -83778.370817334711      
201         -79489.002888612857      
192         -72476.253143981536      
183         -67094.234078606067      
171         -59369.31378213998       
183         -65792.624986902054      
186         -70000.287283039157      
191         -75381.910415534541      
193         -75050.349769161345      
192         -74644.250248210257      
199         -79903.894071292874      
201         -82750.105449623938      
202         -82399.373700803917      
211         -88280.615565301559      
207         -86321.440146577312      
205         -83978.575446668867      
215         -90557.388665427861      
206         -85452.0307376657        
204         -82683.826587603224      
205         -81592.697885271904      
194         -74995.94672022367       
198         -78794.910811339447      
193         -76775.455056264764      
205         -84546.063194794042      
207         -84807.792058618783      
207         -84244.386474002706      
206         -82893.025745769846      
199         -78314.021462705554      
204         -81485.088361292655      
206         -82816.335016334924      
197         -79290.491840009854      
202         -82643.218309364776      
210         -88130.971364167053      
215         -90609.664567857937      
211         -88752.50224761857       
218         -96730.267683619633      
223         -99363.823912275169      
217         -92832.33572907596       
215         -91489.875411194836      
215         -92494.969154099614      
222         -97060.151001986567      
215         -94093.435839171943      
204         -84665.776750007761      
206         -85851.516307430153      
198         -79289.556740749278      
201         -82583.697529737328      
195         -78126.654495635943      
196         -76745.469675773871      
198         -79181.314665629528      
199         -79350.068505798597      
197         -78235.308327952022      
194         -74383.337273510944      
188         -71305.515431678417      
187         -70958.08357841181       
189         -72662.719653758759      
194         -73020.829884750739      
189         -70059.40994978213       
185         -68391.99044313388       
183         -67427.934618026018      
194         -74648.838776832781      
194         -73878.029805547412      
192         -73149.125164873971      
193         -74229.025629726224      
187         -70850.758512852306      
188         -71670.90927954638       
187         -68369.419079053798      
192         -72428.053049009468      
196         -73855.074820606475      
197         -75771.388039498488      
206         -83616.157777595188      
208         -83968.971091277883      
205         -82314.113982259572      
208         -86538.174560124913      
211         -90119.4019693999        
213         -90155.291775936421      
217         -94917.603080530534      
216         -93166.288434524366      
221         -97606.998057244753      
231         -105897.89693071118      
220         -97084.346736367355      
227         -100976.65777283299      
218         -94739.487736598501      
225         -99219.087951131747      
228         -103239.16845570797      
218         -93174.120623159339      
212         -90066.418681727606      
216         -92738.54426421861       
218         -96028.431083142554      
215         -91270.673737698962      
207         -85026.363007468331      
205         -84308.364708256602      
209         -84483.909821694717      
203         -79863.926994344161      
203         -78338.486635027628      
198         -77025.337499853369      
203         -80234.075390946644      
202         -80260.195126185441      
192         -73670.428826824325      
191         -72209.265245788411      
177         -63251.940554204826      
186         -70345.522017939191      
182         -65693.247565787984      
178         -62337.155501778085      
192         -74488.168626542814      
200         -79707.713104875947      
192         -75422.981797282875      
188         -72258.42179620493       
200         -78744.438154248943      
206         -83601.799957339681      
207         -85196.143498458783      
211         -88096.371435510839      
209         -87319.158764912558      
213         -90448.312876036376      
213         -89370.915238316418      
224         -99397.843085318804      
218         -94990.524751905381      
225         -99916.285356861423      
225         -102277.91398180311      
226         -104313.71713745414      
231         -107543.58601401008      
228         -103800.73987318334      
227         -101863.38034115413      
224         -100599.93460111087      
220         -97635.666307179403      
213         -92107.342860565928      
207         -88534.505022531244      
220         -95363.570825589399      
222         -96310.229556648454      
221         -95492.878887128842      
217         -92602.676906315523      
214         -91382.326857290609      
210         -87724.477122662676      
206         -85471.641017868285      
197         -78855.290787890888      
192         -74457.656612185747      
194         -76484.865275741671      
181         -67775.911479122893      
171         -61182.853270543092      
173         -61549.316086902189      
186         -70799.567228978165      
188         -69484.762491392423      
185         -68736.286506140328      
189         -72517.928898989223      
177         -64480.138960194119      
181         -65838.065597045323      
188         -69711.462087261141      
175         -58598.112747326122      
169         -55159.215373629966      
167         -51657.870716673315      
168         -53150.167801779848      
154         -46078.729999455609      
148         -41597.662072486622      
141         -39289.651088546714      
151         -46078.823733528072      
165         -55008.858835580533      
168         -57414.101593652435      
177         -63210.56182478377       
180         -66067.649330181011      
179         -65574.808140747031      
168         -58281.156236209805      
170         -60711.698274331662      
174         -62301.082533935158      
186         -69995.477028800276      
198         -78767.287945748598      
191         -73861.467820405887      
181         -67146.61383650417       
172         -60217.672917197029      
177         -61891.731289188341      
181         -64872.830781586075      
192         -73415.761235008511      
190         -72002.483726497754      
179         -65078.573892189903      
171         -59427.536497139692      
177         -62273.408761812861      
170         -57394.621963344522      
161         -52023.822941991762      
146         -43365.008296753462      
140         -41622.517958229932      
165         -55319.867476651605      
166         -55917.26421840064       
164         -55469.339145094862      
168         -57195.526498532541      
176         -63319.168398612084      
188         -70147.779632903796      
190         -71749.84883211233       
186         -67102.831152993502      
180         -62248.219916110182      
168         -55098.22659459681       
163         -51428.224905501826      
165         -56059.93002802338       
166         -56393.864017035397      
170         -58762.761094336958      
176         -64271.076183280566      
176         -64132.097809793559      
185         -67773.152024253795      
181         -66703.094661033087      
178         -65181.950848384775      
180         -66669.205885023228      
195         -76018.459851906387      
201         -80961.084386406466      
199         -80423.483823607909      
208         -85556.653424197109      
195         -76368.852049042514      
200         -82285.965965856114      
196         -78469.575304717495      
198         -78631.531286952115      
202         -80042.363242496358      
203         -80124.971503726556      
208         -85003.630415597858      
203         -81048.897149200086      
211         -87061.376672354731      
211         -88577.107246675616      
199         -79342.233065117602      
212         -88590.834461451072      
197         -77192.5221184845        
192         -75040.46658510319       
196         -76782.952278087643      
200         -80745.952704219118      
199         -78418.945497842811      
195         -77454.661894974954      
195         -75592.313582676041      
193         -75193.92252794365       
186         -69951.324891214186      
179         -63916.677560426018      
187         -70119.464117609561      
187         -71836.884340626479      
182         -67834.425229667686      
182         -66482.140016866077      
176         -63920.947225894532      
181         -67572.548920375542      
187         -68727.302709039752      
205         -83022.140524883289      
208         -87063.361145653529      
204         -84327.853087439915      
197         -78214.803397318698      
202         -78961.862969130234      
197         -77140.260278664107      
196         -76710.534970952605      
198         -78293.94582138423       
190         -73391.40741251118       
178         -64525.774429893339      
190         -73093.601352893922      
198         -77928.033560207492      
194         -73555.817248432533      
187         -69767.079128513753      
175         -63070.251234142612      
173         -62249.555400134646      
178         -64801.202012388778      
172         -59311.983151973734      
159         -50665.87236895485       
166         -55078.461150496354      
174         -59857.44947820167       
163         -53904.629498948329      
164         -54428.814981445867      
167         -56015.952346241895      
154         -49403.642137963703      
176         -61091.260987020978      
189         -70378.155518443484      
183         -65683.653585345877      
194         -72344.568360057121      
194         -74044.989038182073      
195         -76070.622036439687      
195         -75507.781919340021      
200         -78148.201967080488      
206         -83217.447267190262      
209         -86749.21487327147       
219         -93060.852548016119      
200         -78560.153547587266      
195         -74796.971543482839      
195         -74686.041782168992      
197         -76405.970067927919      
213         -88300.473885429921      
212         -88280.616149777488      
211         -89086.675831762812      
208         -86233.860462479308      
208         -87139.793322506259      
201         -82426.423954696671      
204         -84583.271944850538      
194         -76996.623022377826      
196         -77335.205446268577      
186         -70005.19335018695       
182         -65550.583410724357      
178         -64809.36994754734       
158         -52823.45045960712       
158         -53606.05854940776       
176         -63662.384008357163      
185         -69150.121679139615      
187         -69160.526067720435      
174         -59753.249751531563      
169         -57584.0420286429        
174         -60715.85073602404       
160         -53325.955667079135      
166         -54496.403910576955      
159         -52186.70977046511       
168         -57498.712282027496      
164         -53943.015359485682      
177         -61961.679131726502      
168         -56078.456087393191      
166         -54706.648243838797      
166         -55299.526555215984      
172         -60366.313626899304      
166         -55120.177296707712      
176         -61931.721479126769      
155         -50125.575591170964      
145         -45442.301193191561      
152         -48754.56637302845       
144         -43534.947281799519      
136         -37789.57806247694       
139         -40590.155643069615      
146         -44405.864557597066      
143         -41398.782249301374      
148         -43505.154424832675      
155         -45763.244458326997      
158         -47872.564529726551      
151         -46510.585859549094      
163         -54255.893104258575      
177         -64013.486930033112      
166         -57503.800328845471      
160         -53311.555601841734      
159         -53209.92518825343       
164         -54046.71052025292       
160         -51168.153453594743      
166         -57573.497840225478      
150         -48081.096011728856      
149         -47099.991280560775      
158         -50315.642951078         
165         -55733.815875511966      
175         -60273.5728572601        
181         -65791.835649165179      
188         -70108.161231804203      
197         -76635.292405229324      
206         -83534.086927546421      
199         -78908.637121375141      
202         -82894.913129459383      
193         -75219.874905123535      
195         -76652.440808937172      
192         -73659.651601992955      
200         -79195.077672577216      
206         -82213.302575811584      
202         -78759.764188482281      
203         -80837.765824917806      
198         -76657.000259505119      
195         -75919.090896196751      
193         -74347.512466231492      
196         -73894.865610798035      
188         -69664.119823557077      
174         -61512.001733666912      
170         -58419.718200465904      
185         -68925.705507453575      
192         -72204.244964241909      
191         -70980.391304397446      
185         -67328.836369018856      
192         -71693.800994900972      
188         -70030.590020848074      
191         -71025.703278229412      
192         -74968.022360421499      
204         -84147.669357450621      
210         -88770.064375318776      
216         -93022.084477500655      
217         -91711.381038222098      
221         -93946.977822615721      
225         -97714.078255258893      
226         -100296.69818842637      
229         -101487.76992970001      
221         -95643.531643070513      
223         -97585.93210153986       
216         -91627.978557990107      
211         -85127.465438690386      
209         -86167.96720747574       
206         -81799.350403831399      
206         -82835.691319013684      
202         -79560.883036595958      
207         -85006.874681775284      
206         -83302.961455614495      
206         -83355.433654599488      
199         -77892.578746001294      
191         -73969.911389881629      
191         -71552.891066671596      
179         -65108.373808568402      
180         -64911.32393323502       
182         -68034.644226279255      
190         -73619.948870899971      
177         -62909.927498075973      
186         -68903.645988092292      
180         -63825.093567742173      
164         -53327.673401372856      
159         -50484.721078979346      
164         -54598.715048991588      
171         -57077.21208545602       
181         -66011.011727984762      
173         -60285.489841417591      
150         -46360.084350579586      
145         -42624.285245112223      
158         -50128.386115578243      
155         -47237.784091086578      
148         -44746.155473645325      
141         -40923.572462562232      
150         -47231.340108378383      
144         -44886.616513069093      
158         -51035.921421283681      
154         -48230.939152006373      
148         -46545.38280286004       
152         -47487.51418614763       
150         -45415.591857923595      
167         -54714.142496698216      
150         -47045.487961584491      
159         -50590.271248159879      
167         -56098.393025096098      
180         -64805.320860319043      
180         -64293.172646243642      
183         -66959.722231203399      
186         -67539.924576272781      
189         -72045.110798925292      
184         -68071.655342857106      
187         -70119.770802592102      
201         -79599.663396712189      
208         -84922.080129124515      
200         -79560.761681907636      
197         -77791.744587193418      
197         -77934.648017952582      
192         -74376.659084377825      
188         -69645.107119591339      
194         -75740.210944754013      
201         -80865.312035798677      
200         -81085.463938219429      
210         -88362.642410302797      
209         -88479.365565336848      
209         -88973.782939531302      
217         -93152.858980314166      
221         -95588.981137333976      
215         -91024.247342619245      
216         -91635.010222364057      
211         -89529.685978364447      
209         -87669.953960345389      
213         -89802.321514012598      
210         -86195.507406258286      
209         -85936.509257946847      
211         -87146.914043270808      
218         -93649.706200103101      
227         -102281.96151774103      
214         -92212.509154517611      
219         -97414.986981806898      
214         -92748.122831958855      
224         -100449.73092456079      
226         -100941.96550490832      
210         -90202.722096110505      
207         -88449.188567463425      
210         -90253.036983414655      
217         -96841.642767090816      
212         -89643.10684330987       
202         -84102.090425530201      
210         -91517.049612997551      
209         -89891.137038106739      
205         -87817.447400429897      
207         -87081.025142595419      
196         -78907.113688961341      
196         -77176.430125975079      
190         -73410.98232043242       
185         -69745.689379093994      
195         -75822.348795555547      
194         -75162.011399058028      
193         -73821.989197555653      
195         -75171.248302405278      
194         -78553.911909946255      
195         -80078.52087416999       
195         -79366.909828920485      
198         -80524.405444889955      
209         -88561.72465301487       
220         -95589.321049576858      
226         -100703.06048724231      
219         -94689.539194170749      
217         -94688.932530099788      
209         -88882.10367372878       
221         -96628.399900735036      
224         -98234.59391102138       
223         -97828.023064579349      
222         -97189.932119147765      
221         -94634.588390312099      
216         -92524.930753653593      
204         -84366.62217679061       
204         -84414.190343677212      
204         -84755.820943415456      
203         -83952.212793175466      
196         -80285.697576444683      
197         -80708.619265954985      
198         -80952.96672566804       
213         -90726.997856221875      
223         -98592.733800029149      
222         -99772.908767780085      
228         -104220.6309527282       
220         -98762.430906447524      
226         -103486.43018216672      
225         -101909.07003680465      
226         -103456.02602044342      
214         -95111.622785585903      
219         -96056.793152550817      
227         -102990.42797248726      
213         -93290.440011855564      
211         -89735.580434778749      
218         -94762.308029790001      
210         -90348.595709255722      
211         -90659.821648283789      
203         -85667.117912416521      
200         -81916.186053616271      
208         -87837.922061478996      
205         -86429.909408438936      
201         -85254.371554192621      
207         -88082.254192637498      
207         -87851.889871737891      
214         -93901.212192896492      
212         -91217.096557018638      
213         -91448.936246114594      
206         -85590.87021618821       
207         -85741.687840909974      
215         -92304.466769111066      
210         -87862.555626011686      
207         -85936.056009337713      
213         -87623.16715870217       
206         -83216.76789818515       
205         -84463.195333149837      
207         -85614.733510090213      
208         -86612.992377198738      
202         -79798.486510846065      
208         -85647.881035657279      
209         -86142.963474897231      
206         -85335.37085723257       
209         -86935.943554785044      
211         -88155.372265747312      
209         -88036.011664533202      
206         -84637.516468294372      
205         -83265.652712712865      
210         -87073.317672416539      
209         -87048.216361547413      
203         -83111.634452836865      
190         -74419.777214588757      
196         -79945.804929808975      
202         -81883.269863643902      
204         -83207.802517164266      
199         -79097.773023527494      
213         -89962.933083614247      
212         -90762.751849811451      
205         -84135.180028864415      
215         -91432.22319116391       
209         -88439.310299359597      
193         -76059.636907417211      
198         -80015.652122692423      
202         -82550.580134054937      
208         -85560.334422930071      
213         -90515.135977164842      
214         -92414.719813774049      
209         -87370.236686504853      
216         -92453.259229019532      
212         -88061.90091438315       
214         -88775.861479584069      
209         -86189.611132863021      
207         -85434.642847872688      
206         -84531.266478275298      
206         -82580.474660254142      
195         -75578.029038554872      
193         -74638.694005942802      
204         -80706.076521796145      
202         -78832.809574809551      
192         -72524.450545803295      
194         -74465.194711882854      
194         -75833.460601190774      
194         -77486.614828414589      
195         -77441.973228697025      
187         -70822.84165785386       
184         -68043.159863697452      
168         -57509.528530025571      
172         -61362.336908850346      
166         -57783.346781458582      
156         -51196.253388520185      
172         -59352.598858673584      
168         -57417.929058118272      
179         -65414.986675294873      
185         -68002.024652869877      
190         -72305.768365569806      
189         -71473.022120522481      
192         -72240.453822134747      
199         -78498.181724445647      
207         -84024.930214251232      
206         -83945.354980027725      
203         -83308.971655963862      
205         -82700.21728579147       
208         -85910.826629406394      
202         -82287.767366232671      
213         -88587.180790093116      
206         -82661.754988065702      
208         -86717.509402787677      
202         -81905.476936712512      
205         -85540.453813955581      
208         -87654.690041368056      
215         -90892.287881113589      
207         -84872.624787610664      
214         -89899.328565325879      
206         -84626.484627696802      
210         -87725.623045789791      
216         -90938.119325681037      
215         -91236.477817286257      
205         -83776.772863679013      
202         -82975.316980676231      
199         -80175.166469164644      
199         -79375.172714532979      
202         -80290.781753349365      
194         -74306.095057029233      
187         -69832.648188806415      
189         -69226.097716381191      
168         -55497.520337735288      
161         -52432.534641368198      
169         -57136.963396560481      
173         -59498.086642136106      
170         -55669.48550997983       
171         -54478.798572173         
173         -56612.220443451399      
163         -53390.46063566611       
167         -56351.429009753789      
187         -68528.111618664348      
185         -68664.721546861198      
193         -76003.37153147551       
186         -70318.23111055154       
199         -78652.839644765671      
204         -84510.02320564058       
212         -89802.603764575601      
213         -92651.742723712494      
209         -88875.159747834958      
212         -89619.142080683319      
204         -83509.324308096315      
195         -78128.871741946379      
203         -83445.424646734202      
199         -80281.462893616132      
188         -72533.551187947291      
192         -74241.512443593019      
188         -71854.086742136627      
182         -65314.197837444255      
178         -64143.541313660084      
172         -59035.484576656367      
183         -66577.069546705781      
183         -67389.086388055381      
187         -68617.048514121183      
190         -71555.276840679668      
183         -64017.183421312046      
189         -68083.426511376718      
180         -63870.038716538576      
189         -71893.388190783633      
189         -72726.141540518001      
190         -71055.348431364691      
186         -67500.796528511855      
184         -66994.910423010049      
187         -68932.910285538994      
194         -73643.990474940729      
195         -75521.054361054485      
201         -78586.248532022873      
206         -82153.78170485374       
203         -79737.097986777895      
197         -75696.659285082831      
198         -76063.572881705608      
200         -78178.123949577523      
194         -73093.31024207265       
189         -69805.55748223314       
196         -73916.51932325642       
189         -71036.495650794866      
198         -79175.935488366784      
197         -78692.258892627404      
187         -72701.204795738624      
199         -82636.501807047229      
203         -82875.558066221769      
206         -85457.437195295308      
197         -75953.869701676027      
194         -75233.585254486068      
195         -76724.657033114083      
184         -69698.815306512173      
185         -69470.570817232016      
180         -65669.315962702007      
187         -71035.151185286653      
193         -75082.759666837475      
195         -77189.479283580789      
196         -77448.754053243872      
199         -78355.53200145498       
190         -70671.850847181122      
198         -75812.753989052435      
196         -75840.418978276255      
197         -76506.054144537353      
201         -78593.752565020972      
192         -72100.910662950366      
190         -71784.155383567268      
181         -64928.056249502224      
184         -68401.6273227692        
181         -65473.828416937096      
185         -68044.445400723009      
181         -65194.196371659447      
176         -61102.244502077599      
176         -62134.990317669421      
189         -69110.604937283613      
180         -63075.224479762197      
185         -65166.387335874759      
168         -55734.08326277155       
157         -48616.621053427705      
133         -36116.127273261875      
135         -36721.583512881552      
130         -36380.058049906846      
124         -30430.653691240947      
119         -30562.570936937729      
112         -27393.494808502281      
109         -25352.272433433238      
97          -20994.69259210923       
86          -16669.788467210856      
92          -18256.88864455061       
86          -16166.672095825694      
82          -15412.254773505007      
88          -17185.533296681078      
95          -19534.24720534456       
81          -16453.163321959808      
82          -15983.258604924253      
105         -24921.739494327197      
106         -24644.676517034059      
124         -32242.175409580959      
134         -36318.594546001339      
140         -39233.969813179341      
143         -41393.005458589672      
145         -41165.51311625736       
141         -40445.202753906691      
151         -46769.997433805147      
160         -51502.706838987913      
162         -53244.082241744982      
159         -48497.735111757189      
148         -44437.191936686926      
152         -47783.629445799917      
161         -52565.524992196704      
154         -49067.322856974133      
144         -44585.744691921216      
136         -38429.959197310178      
138         -39811.315806115781      
144         -42585.017434501919      
146         -42405.874989180717      
146         -43466.716494335837      
154         -48984.906142279113      
174         -60508.157080722791      
165         -56976.578428986286      
163         -56283.087665034691      
171         -60566.867128036189      
186         -69336.514763943589      
193         -72758.167863400682      
190         -70492.837846874492      
196         -75383.044931107972      
195         -75786.465054220505      
189         -69949.902729964087      
182         -66410.35572884939       
193         -75495.330212795059      
188         -73944.052753708078      
185         -71528.859084648037      
185         -69676.018671167578      
183         -68410.90947574802       
182         -68469.821962607413      
189         -73728.495279273295      
202         -80867.45085180999       
205         -83470.459461155348      
206         -83960.15089258441       
207         -84382.027739948375      
205         -83497.461521056146      
201         -81719.157457577763      
207         -85510.567298029651      
210         -88753.234793667842      
213         -91230.158711880926      
217         -93958.246007346068      
213         -91642.748543388967      
213         -91670.414023003279      
209         -88322.26224429642       
205         -84334.390416959941      
197         -79868.935746401083      
200         -80727.551219051747      
195         -77209.579605960054      
201         -81951.555604384324      
204         -83567.25467275524       
206         -84402.915805332465      
210         -86138.064547549162      
214         -88761.585344672712      
210         -85992.597276357439      
214         -89278.777076194339      
210         -85236.922777409534      
206         -84116.92757867655       
211         -87495.034418873445      
214         -90976.640209051489      
197         -78404.865549372102      
184         -69294.680590466101      
