510 1 -4140 35 35 35
51          -42024.701080660961      
41          -31633.847440500263      
33          -31187.195715758688      
55          -57335.078527841593      
57          -60047.087118678704      
57          -59669.023169857384      
61          -56910.556224770313      
49          -43585.465511291884      
50          -45131.852417932045      
60          -58196.801086363732      
63          -60299.560523445303      
68          -79733.380418532019      
54          -49651.088941521673      
54          -54373.1710940466        
44          -45453.725895384108      
50          -49585.259979876493      
62          -65031.921383473513      
56          -61292.435135028121      
58          -63452.608986212275      
45          -38675.68383049126       
44          -35154.058468994888      
52          -45520.174892018185      
63          -61924.101937173793      
62          -64137.640958855787      
65          -76843.11851682108       
67          -78447.299498843844      
50          -42005.045387489947      
61          -66400.996440337651      
63          -71316.105235785464      
61          -72148.406537664501      
64          -71162.876496582059      
62          -71488.010510296779      
43          -29430.360053718792      
38          -27366.618583615957      
38          -29563.221454614984      
44          -36687.850811362259      
45          -37257.710383452904      
43          -36190.897264056497      
41          -39486.513661109566      
44          -40581.608400177633      
40          -27443.925578257873      
38          -23996.312746647563      
43          -28909.803164187571      
43          -31857.24488138896       
48          -37337.636220656306      
47          -42065.44657386202       
41          -24788.04085473104       
23          -8680.9687686341367      
22          -6694.9164019291875      
21          -7891.7590858565327      
31          -18351.663586482056      
39          -26277.611676269495      
28          -10929.140379322434      
29          -13069.791091255927      
23          -7643.1848201866742      
24          -9183.7310371740623      
29          -11602.534938855208      
24          -16883.297803988484      
30          -21151.139867837966      
37          -28887.128716022031      
26          -12668.365295612821      
23          -11241.008028876986      
22          -10492.841837859374      
25          -11428.411716347327      
30          -17001.601802840822      
44          -33955.992043168022      
49          -42599.285592571396      
35          -26739.534227530807      
39          -26923.002445742291      
44          -31898.089031077787      
49          -41829.517614141339      
50          -42901.245209863693      
41          -30875.104201262384      
42          -36324.330217326336      
45          -36671.275088953123      
41          -35298.806236140357      
45          -39504.803495108688      
40          -29326.631665128807      
31          -16885.173384460202      
29          -19393.830930994434      
42          -29462.406641881014      
47          -35749.678805374861      
49          -38021.481073307194      
49          -42306.444545204431      
51          -45342.614980610146      
49          -42658.136244767586      
41          -27136.314676626353      
43          -39807.904595276879      
27          -13117.76329188196       
36          -21226.562120156439      
43          -33752.088193859934      
37          -24898.327084247027      
39          -26111.917401375369      
48          -40531.537737559396      
43          -34562.187663817203      
41          -28830.666715907653      
38          -23729.850756880227      
40          -27125.876492416348      
43          -28207.325109477177      
36          -20394.434797032576      
23          -11800.785800999383      
25          -12965.101927180782      
37          -24906.318875343524      
47          -41359.979842182882      
33          -23598.060921565604      
27          -19254.932658221907      
24          -12459.869464723901      
35          -21408.320253268554      
36          -20213.011923792288      
27          -14566.462147994902      
24          -11944.251578978725      
32          -15999.496293399419      
32          -18922.753967052548      
26          -10552.003165337073      
21          -6507.514907917167       
31          -19143.776581256123      
32          -15851.757224513927      
26          -9859.2855647390097      
16          -6791.1189996388675      
22          -6511.8852300288418      
22          -5533.8482125773999      
21          -5027.3455186372612      
25          -11476.811494032954      
21          -5638.5250368797369      
22          -6143.3202377745565      
17          -3515.3496997835809      
28          -16023.576497104434      
25          -11681.245371401294      
28          -11387.292731925012      
24          -12695.923502554802      
22          -8238.4070212889146      
27          -12862.321865980728      
27          -13029.954240545469      
32          -20181.417747276337      
36          -20845.166032305035      
25          -11501.136324056999      
28          -12093.237189601874      
31          -15403.008714656629      
33          -23648.948010053573      
31          -13555.246385843839      
20          -4449.6190828295348      
26          -14923.754330395221      
14          -2806.6499330991969      
27          -12355.143733095936      
25          -15270.093582454703      
21          -6444.928397031349       
22          -8930.1673156942306      
28          -16335.016094056962      
33          -17708.441976794405      
34          -21566.072435406728      
48          -41917.500332409436      
53          -54393.775789707193      
45          -42110.59882024191       
49          -50448.153459510744      
65          -77830.295059245414      
59          -60415.088882175733      
62          -62670.393610599043      
66          -69145.07345265623       
65          -71057.202989170095      
60          -71330.509662249562      
58          -59764.628477312508      
51          -44355.994679059986      
54          -48593.597142499493      
55          -50057.660808477034      
45          -38075.233657599092      
41          -32489.035614008084      
49          -42893.876879281379      
45          -40915.25507425845       
45          -33654.781176506105      
40          -30905.822726669085      
48          -38353.338533232221      
42          -30384.075379504637      
26          -14558.380634892161      
33          -23488.31773068188       
40          -25430.441600580929      
39          -26671.524909573895      
40          -23912.406267666131      
34          -18920.514034977379      
35          -20421.263143602991      
47          -37170.000590191623      
43          -34265.371315550881      
34          -22292.338668864362      
29          -17134.160240426245      
32          -18917.506928733568      
24          -9635.1764241179881      
25          -14188.137797033205      
31          -18962.910053920368      
22          -11192.153919197573      
38          -24342.955081236967      
41          -31442.607999802676      
49          -34023.918886882238      
42          -31704.031533336543      
46          -40725.379773348344      
50          -43099.493221853263      
37          -26859.761930897177      
33          -22737.140242438989      
33          -23564.072117777745      
21          -10401.397612039609      
31          -15333.731087385317      
37          -27555.43763605053       
44          -35193.997979047374      
32          -21828.151576238823      
33          -18998.127087837522      
30          -17619.880430695175      
29          -15289.046292318546      
33          -22702.219271799673      
23          -11485.316882460669      
23          -7012.8962405330785      
27          -12615.567480073585      
24          -7818.3831179282251      
25          -17111.656323655843      
27          -20713.039724166145      
36          -25915.550933992006      
41          -29895.511584287651      
46          -38267.680861153684      
41          -28556.31660930099       
40          -22649.590241317346      
51          -42700.661571377335      
47          -37883.63599121818       
56          -54422.209120725034      
63          -63190.439930683133      
52          -47448.110647026188      
52          -45329.145308397761      
49          -37429.546182254635      
55          -53818.566269035306      
67          -75383.528629190987      
73          -85572.951270138889      
70          -78157.843872239217      
59          -57650.366828183105      
54          -50079.619644127735      
63          -73609.055731986096      
56          -60722.199152824993      
47          -45993.959858004666      
34          -39248.416172772639      
41          -40943.887547622857      
52          -55414.498406203325      
47          -40789.179101145688      
46          -39622.610631693904      
47          -51501.834199002747      
48          -49108.406771906804      
34          -25797.417027326392      
33          -21520.777014164654      
30          -15713.44340258856       
37          -23587.671848358841      
46          -38672.746907410452      
50          -46696.822704881088      
43          -35363.554140935827      
47          -35394.032034746626      
50          -47139.371300316139      
63          -65800.845269778787      
54          -54707.796535938098      
59          -71488.100372917819      
64          -67733.560704483796      
58          -55272.438630179051      
58          -65094.434212123801      
55          -56005.074384200823      
62          -64061.046860377479      
56          -57285.412317901959      
50          -41349.834843231671      
49          -35151.438717439276      
39          -27369.740291269685      
32          -16654.98484247156       
31          -16571.749784414507      
29          -20243.728431444222      
35          -28349.394498238889      
35          -29506.485357193669      
32          -24089.972234203047      
41          -35995.304059801805      
51          -51805.472785088306      
52          -50515.919012309168      
36          -19470.441967054892      
31          -14717.674909333604      
27          -10342.851280780276      
27          -12969.4547003839        
24          -12245.993358812233      
29          -17297.657650343193      
28          -18552.218725118186      
33          -17836.641262886722      
31          -15009.683419298741      
35          -20567.738470368357      
25          -7915.131309681632       
28          -17907.906397385108      
30          -16626.973815699723      
12          -1694.8572729876112      
16          -5914.906312190843       
21          -10481.106987262987      
17          -4064.6077485594978      
28          -13282.003727934132      
25          -9210.3846384301578      
24          -9305.4926506500451      
21          -8651.9523690840651      
18          -6326.4055342259699      
25          -9830.0711411634238      
24          -13894.863430195832      
36          -20767.188528382736      
35          -21385.771818574038      
28          -18475.209015748416      
28          -16852.162883417823      
24          -9482.6229545542283      
16          -5990.0548773617029      
9           -1818.3868792669364      
25          -10913.119386291666      
27          -16192.228062703618      
35          -21802.817819155607      
38          -28744.281229363311      
38          -25034.477099126561      
33          -22159.883929998523      
39          -25056.95496546643       
26          -13678.852191108363      
22          -7765.0589513661753      
26          -10642.906136840676      
24          -11814.281727845751      
20          -5538.4180636226129      
19          -5670.4069188564881      
33          -21083.234254532752      
32          -17595.722538802969      
27          -13766.881652859463      
19          -5395.220551546241       
19          -7022.3106385169467      
21          -7430.8858619875182      
14          -3696.4654519290639      
31          -18917.674151877982      
27          -8060.9156241088604      
28          -12238.39622500298       
33          -22744.871745857617      
44          -32013.836060098114      
42          -34399.888647006381      
42          -33561.339628964182      
48          -40489.203573567764      
55          -54149.337769113576      
55          -56476.829098477894      
49          -39722.973962191609      
44          -33108.188425883425      
42          -27643.480135408125      
21          -8952.9752980648427      
24          -10215.924140647536      
20          -8473.4661362820061      
23          -10144.258490488221      
22          -7027.2431572235619      
16          -6878.6100446244345      
35          -18364.86584023156       
18          -5047.7582356642779      
23          -10283.798437770123      
26          -12148.516126464187      
42          -26545.529802915145      
33          -19133.892121480705      
28          -16107.775718588797      
42          -32591.974529881198      
45          -34269.740083031655      
38          -30291.11518506016       
33          -18842.035476333349      
37          -23117.352019112561      
45          -36703.901149943878      
50          -50263.111996529064      
47          -46213.070225241361      
53          -55465.147485995039      
61          -66228.546795238464      
61          -57674.979160545059      
67          -76098.736579460587      
70          -81156.891870886553      
69          -77702.518495857948      
62          -69274.602282693377      
54          -63255.323719777072      
51          -53831.74461002327       
45          -39793.559961809493      
48          -39523.111923465905      
39          -27476.891627650137      
37          -21782.769110117479      
23          -6566.4432981506397      
18          -5600.6481846231864      
28          -14981.988294203993      
25          -7513.1523961995026      
32          -17263.442732574003      
20          -10430.376965356005      
20          -4476.0621588832455      
16          -3822.7103496289124      
23          -11194.653745681424      
15          -3672.0098265864544      
23          -8215.9623963842459      
24          -11466.808061428777      
23          -15066.024333531463      
31          -16655.03954356453       
25          -10635.581272248439      
34          -18111.192051212674      
31          -18817.673966382958      
35          -18352.222514384059      
42          -25878.435501389595      
40          -27983.315611934533      
43          -35936.394343684449      
38          -31306.966407621836      
33          -16692.348040816505      
25          -11548.531839436015      
27          -14020.597166812311      
34          -17049.567452248328      
42          -34032.648538476489      
31          -20747.094064200621      
40          -28378.473749350494      
44          -32832.203654184334      
37          -23853.767863869292      
23          -9913.2463117240968      
28          -14471.110365966782      
31          -17576.594946238107      
36          -24102.730225388259      
33          -22077.038719167431      
38          -26350.149375963956      
33          -22689.223250533803      
46          -36057.818604763641      
57          -61203.732626170415      
47          -42366.010884432057      
42          -29034.288704916482      
32          -17993.59017413684       
34          -25217.291027890788      
26          -12027.82656847211       
34          -23941.620456158071      
31          -19740.930165913371      
36          -21416.994690251278      
38          -18835.835800970319      
44          -36922.917466926396      
24          -12000.630284849994      
19          -5109.6686942547558      
12          -5012.9063969829422      
14          -2636.487500785981       
26          -9835.8630483000416      
25          -10698.899897430989      
32          -19765.216346639969      
30          -16639.387826198406      
20          -11546.597716130904      
17          -3200.3409597766904      
23          -9232.1136108928476      
24          -6612.549166951836       
30          -13241.259272945641      
31          -12787.533538580123      
31          -14060.08903769224       
26          -13224.29618463222       
24          -6853.1546165231866      
38          -23238.683754604102      
35          -22879.292835907701      
39          -28597.976546044065      
39          -30153.358690536996      
25          -9380.2990679661561      
24          -9176.9981732302476      
20          -6020.8629504137616      
18          -3538.9267174648448      
13          -1804.4643923004742      
22          -8577.9023387005054      
31          -13404.631945456022      
38          -22921.844153583846      
32          -17992.881942750046      
29          -17774.975669470412      
30          -21439.190932636942      
34          -22972.708338804554      
31          -21992.650444552943      
22          -7505.5574770522808      
24          -12209.639674202002      
26          -12817.057872710824      
22          -8786.7805429792679      
19          -8457.3430385498814      
37          -23936.521492450527      
60          -59227.441132402746      
63          -65295.573460648637      
63          -63349.348503353183      
66          -71732.633536883543      
51          -45065.858694024508      
53          -46514.01738347012       
62          -70175.994345469109      
59          -62982.492549351882      
66          -77531.056909152758      
62          -74839.542609813972      
70          -85845.850766332573      
76          -89597.062722396571      
75          -86164.259421086172      
65          -62218.392895540419      
58          -50771.742548735216      
55          -48776.895904916528      
59          -57081.625906713809      
63          -69630.223455782369      
66          -77891.145111855672      
78          -95646.256021061723      
66          -65177.596687226767      
62          -65313.718888892407      
58          -55976.974256238391      
61          -61378.306268398417      
72          -86051.520987062584      
71          -73680.062408537517      
67          -67588.270337637688      
72          -80306.676270390439      
57          -53120.479357536278      
50          -40845.5188303666        
49          -44298.047976085501      
49          -41520.180013309102      
47          -37960.551730530264      
40          -28721.679480216924      
37          -23203.930882383473      
30          -18628.282489828682      
29          -19248.431233172782      
35          -22906.765972159617      
47          -34296.370421628126      
57          -56176.335358379547      
58          -58823.722710338698      
43          -37013.734567512336      
42          -29188.567918736062      
28          -13638.656485716203      
10          -1390.2257284736968      
16          -3360.8478597395838      
17          -6107.3627298944048      
25          -12166.891836898265      
22          -11884.379376848476      
21          -12604.262469501275      
22          -11989.521203518083      
36          -21238.257449787016      
35          -20647.041356831345      
57          -57456.43063727385       
58          -52772.230566045349      
58          -58008.068766723984      
45          -34828.748728906408      
25          -15791.655380898284      
31          -20953.480925287549      
26          -14334.326198119328      
20          -7837.2922347938056      
29          -13965.659923298666      
34          -21181.992221528108      
46          -40466.66619533769       
55          -49846.439629722103      
60          -56214.698242721191      
50          -39438.765203848627      
51          -42468.190388661882      
36          -25710.867301424987      
26          -10842.489415299138      
15          -4243.5512189698075      
21          -9900.6137176764714      
25          -8538.5599964077264      
28          -14027.950786609594      
31          -15826.144192781267      
24          -12893.245278520675      
43          -37306.66479350147       
50          -45347.862499701849      
54          -57845.073490304043      
49          -51410.605492573595      
52          -47925.264324976772      
63          -64549.884364809543      
58          -63172.669447369095      
47          -49086.722174826959      
50          -49780.577805091532      
51          -42688.794370673029      
54          -43448.59239978352       
61          -64562.464711516361      
52          -44545.189176411375      
46          -39347.119191759644      
41          -26702.113684701319      
42          -38749.425974189297      
30          -18938.044325720322      
28          -16423.891788533758      
23          -6693.3819993747529      
28          -9462.4990862526829      
31          -19815.411677782842      
24          -11011.050531222123      
28          -16845.106285101851      
29          -12291.475785800441      
32          -20104.690763975974      
28          -11365.383678360138      
23          -9867.4517370219983      
25          -12753.53559941148       
28          -13976.027406496742      
29          -14116.22253848943       
31          -20123.888743536147      
22          -10656.32368045576       
18          -6179.5729915589491      
24          -12028.330402579017      
27          -9682.5824622530927      
41          -25089.469669367871      
34          -24888.976120630563      
28          -13175.749203879515      
23          -12576.974579875536      
21          -7025.0646168305766      
25          -12037.759222839115      
20          -12256.445293520777      
27          -15419.267746641464      
38          -27552.302390110679      
48          -38702.864600913112      
50          -43937.472119462029      
44          -39601.641908333651      
44          -34877.294988015004      
55          -54543.110653554439      
57          -59376.850323911072      
41          -36909.347307725569      
44          -33517.305324493507      
49          -40442.061370430281      
57          -51543.134795533282      
37          -24355.481102230417      
34          -19301.464470941311      
38          -23173.854511335408      
30          -18262.693811917306      
35          -25785.503824202617      
30          -17674.222505369729      
35          -17355.843598249427      
29          -20578.533767306159      
24          -12680.26795662412       
26          -12704.966690759748      
49          -41940.144241697228      
44          -33824.380085497527      
35          -21999.53810681291       
45          -37061.914052118125      
43          -33965.582464868537      
39          -25275.367853881326      
28          -11002.199617116161      
27          -13146.662502015479      
26          -19656.402783863843      
30          -18216.275778196446      
32          -20300.517635674907      
25          -12079.167032876572      
23          -8795.3185048203486      
26          -8325.5486326743758      
22          -7453.5173271265348      
16          -6558.5093802937772      
29          -13365.365803827399      
27          -11407.422313377205      
28          -16063.046820306025      
34          -23509.993762327191      
28          -11336.153803047851      
31          -15693.204571300976      
26          -10925.687617685046      
34          -19849.283385390994      
37          -18717.052695899445      
28          -18722.462017111131      
20          -10205.72118100692       
26          -10078.945584592628      
25          -12512.005571850652      
31          -22123.063244404741      
20          -9508.6018134680671      
14          -2260.9566879616355      
13          -5168.8499196990615      
19          -7241.6520431639201      
19          -7102.1307725291099      
22          -6024.6373898295124      
27          -14375.714254311541      
25          -14808.566277183989      
28          -13211.143203434729      
29          -16743.050926696349      
30          -14923.438644777882      
20          -10097.063111515879      
22          -8710.0751075615262      
18          -5310.7157320281885      
20          -4462.1929873295903      
26          -12837.474326984116      
19          -7634.2442697353308      
23          -12279.910102979607      
24          -6309.4392731984553      
36          -18268.730021453928      
34          -15508.47960457157       
24          -9016.0474328942109      
22          -10986.398068190738      
21          -9892.7122145702378      
36          -19589.386434889409      
41          -27645.411964039129      
37          -29266.167008161741      
31          -21061.97588302019       
30          -16605.426668109041      
25          -12560.826296837933      
32          -19175.456271535149      
28          -20267.394666090724      
20          -7249.7363579011326      
21          -8074.2062277473096      
29          -14189.635572459714      
21          -5532.0105896872028      
29          -13249.423249226984      
31          -17394.068665046918      
35          -27395.052159432664      
32          -26026.388060109541      
33          -19180.480962792164      
44          -34895.29484463315       
51          -44103.130448463635      
34          -21619.165884832317      
24          -12050.05055104554       
33          -18157.472144163174      
34          -18367.199263953884      
42          -37956.758255231631      
34          -29155.466955599888      
24          -8807.2575369533588      
17          -3862.6396731410159      
15          -5389.6639560439635      
29          -10193.264586637153      
24          -9380.7428591995686      
28          -15245.894841268535      
33          -15770.285992608877      
30          -16524.603717551185      
41          -30537.170877199082      
35          -17988.445419871525      
42          -28836.643104649786      
50          -45059.834535086753      
54          -51048.391056271154      
48          -46376.45997415662       
32          -24941.663579973265      
30          -17598.501218665097      
26          -13459.044602062128      
39          -24065.510900502362      
41          -34831.102362391401      
39          -30434.659701592533      
49          -41444.428705921207      
57          -54282.919405764842      
45          -40595.859342784825      
48          -43012.012057336426      
49          -51768.827759462329      
59          -62022.597173186994      
59          -58398.195140254196      
66          -64815.858176628353      
60          -60924.834489714805      
54          -53869.376602566481      
53          -48344.922165075273      
47          -37200.574432631394      
44          -31514.433082968859      
49          -40997.314923227401      
49          -36339.357858508913      
46          -33646.308790161333      
55          -48421.658190665883      
50          -39394.741758444608      
57          -57640.056470239906      
75          -92404.746907468245      
79          -94984.397239625658      
76          -95437.971496855607      
75          -89079.626795568489      
76          -95661.926132316279      
72          -85973.769786124714      
73          -92684.196179695078      
77          -102914.85917345861      
82          -114623.71752335728      
77          -92193.443315449651      
72          -85994.334392414035      
75          -89757.416717313608      
67          -77066.162570925109      
65          -77866.609696971704      
56          -58248.945188787919      
50          -49663.185289099158      
58          -55982.961251854627      
68          -72892.162871016961      
52          -44650.733105948188      
53          -49237.958452695922      
64          -60984.036534478124      
65          -69428.807907815833      
55          -56792.729440081188      
65          -76643.413056273479      
79          -109228.28202025795      
74          -94590.383542080774      
75          -95652.382684540702      
60          -64157.230704463531      
54          -47053.677680447967      
57          -59852.480462574786      
62          -72545.212069601635      
68          -82648.175302854477      
69          -87741.48753978181       
61          -71206.999013965164      
58          -61074.116540081573      
60          -64242.441422283242      
64          -71756.976997384714      
62          -63567.123102311569      
64          -68228.626777951329      
52          -41484.271079744198      
60          -59755.885586753182      
66          -77188.880984750329      
45          -39392.052906299781      
42          -35274.651043123238      
42          -38492.449095686359      
42          -35927.55355638302       
31          -19140.613724475475      
32          -15306.960004935363      
41          -27459.657031034731      
50          -42153.345186050385      
34          -20299.720054954145      
26          -15915.413456729169      
35          -24977.29771837798       
37          -24009.796170728921      
39          -26185.237332259923      
40          -29207.856891122323      
54          -54676.455132528521      
57          -54154.968356227364      
55          -48289.426985218233      
65          -68126.952885806197      
63          -56988.32337287179       
57          -51279.466248531397      
48          -38261.647578468408      
56          -50473.16233264772       
48          -46120.660065697375      
62          -58364.632627282903      
49          -48315.418431002785      
50          -42363.553676571828      
48          -37959.162904264624      
34          -21961.090361704933      
37          -26273.902086907023      
27          -11372.043763197953      
22          -12977.060555440385      
24          -12756.458292169831      
31          -21545.361141892496      
33          -23949.830848664918      
30          -16592.17751599921       
33          -19321.870761980463      
24          -13188.823057500616      
25          -19729.092536997057      
33          -19120.83203614087       
32          -18600.415944437093      
30          -11678.094341222655      
23          -10563.966356165864      
26          -9581.3368434280401      
15          -3458.8704132870384      
23          -10162.393601685268      
20          -4598.265464531939       
29          -15477.16171499783       
22          -9679.4886614976276      
30          -18753.527743209208      
21          -7952.546087839205       
13          -4231.9927230429894      
9           -2287.3276342379281      
20          -8385.9257806227943      
24          -10597.019943821782      
28          -11340.717328997525      
34          -21070.38898199367       
31          -19328.659649516954      
34          -20418.226331094524      
38          -26264.804241477861      
43          -34740.247935713545      
46          -44721.180540761641      
52          -52064.095106719811      
52          -52484.599048394753      
45          -38218.933425488314      
43          -31867.868734673961      
51          -47406.569275264752      
54          -50225.121417306807      
48          -47133.036517132248      
50          -45412.525948156137      
58          -67219.921727018358      
69          -86614.845519086084      
79          -105448.11136724253      
87          -121676.45107161955      
86          -124888.47213224678      
91          -135388.14507764747      
106         -178060.88015275606      
106         -181128.86743863346      
109         -189387.80593846962      
113         -197718.91143991856      
110         -185786.11168933418      
105         -173573.68901987144      
104         -176933.48888441318      
108         -183107.67575251235      
105         -169935.01412111433      
99          -156326.55874034954      
95          -132692.93898444442      
97          -141603.07220179489      
92          -133375.63788212373      
90          -129469.14102607011      
88          -132199.48032208683      
90          -129768.11602651706      
90          -129908.21936035017      
76          -98016.399279009551      
72          -87853.689821175431      
76          -86586.19483542259       
78          -99834.065846187877      
87          -117222.64702391489      
85          -113264.11529282649      
89          -133641.97093306197      
88          -131502.66108946552      
96          -157250.04925224019      
98          -161754.55672955912      
105         -181940.69451058059      
95          -150107.31104969999      
102         -173891.10465721003      
98          -160939.81101102091      
80          -112826.79755200353      
89          -126850.92762411438      
90          -126905.29550996906      
91          -133064.11241184073      
97          -141869.59076532218      
96          -141596.63962037975      
97          -145639.30473001642      
104         -167427.98574381042      
104         -176288.29329341097      
105         -176770.16750803357      
104         -170662.60500425159      
99          -157858.54874490041      
98          -156540.60845822084      
101         -161174.21827996825      
90          -136590.86462868369      
91          -134998.79118092172      
89          -122073.5219836811       
85          -115273.43656866178      
83          -114847.01753222453      
71          -85104.319243153004      
60          -61907.764422031083      
60          -62730.087744094548      
52          -53766.314258917882      
60          -70749.754033030636      
67          -73513.556661700655      
57          -50252.212606403686      
57          -54353.160035450084      
62          -64029.44659066655       
51          -47316.880683861527      
42          -36049.686679879829      
44          -35337.171236821276      
37          -20267.561843218067      
31          -25709.735040576881      
24          -8879.537139587128       
21          -7805.0164793644908      
24          -9390.7107906605033      
21          -6970.4259692299047      
32          -18788.103169140701      
28          -10205.45229809195       
27          -10823.862032919435      
41          -38084.99550874874       
38          -28726.111138910652      
29          -21690.23129162602       
23          -12584.602799847478      
30          -14091.259519972489      
38          -28733.864075941976      
31          -16071.371634913083      
33          -23333.880746552328      
27          -10567.556835293479      
28          -15030.908517603624      
28          -15629.722870548936      
31          -17489.082308142024      
25          -12414.953364866351      
24          -11057.577802990731      
33          -16341.136363984182      
30          -14620.478338710189      
38          -21526.384302692299      
40          -23584.611870212797      
23          -9560.9200581605292      
23          -8883.6598703026993      
23          -9971.2746484816125      
26          -15723.637893698602      
24          -8387.6193651002541      
24          -7581.0479274186309      
18          -8214.2124105292041      
17          -4223.432063523871       
27          -13053.765606652927      
27          -14132.736493500721      
27          -8474.3394668068267      
22          -11761.971206012167      
13          -2614.8036881489211      
28          -15092.726454563519      
13          -1743.4863115845744      
11          -2625.7973347787374      
25          -14333.514689717964      
26          -13831.501954990094      
26          -12424.481325838891      
30          -16663.176917994737      
30          -16026.174720279956      
20          -7378.2537980686575      
23          -9570.9932757617917      
25          -11384.850476570866      
19          -4054.2183078982353      
26          -8334.4110624709956      
35          -19291.010492730675      
37          -25467.380850829071      
32          -16026.285247942793      
20          -8649.52859427355        
17          -5275.5895066041467      
18          -7593.2941224997721      
24          -8494.7450580294681      
25          -10360.680298723892      
19          -7470.0541858128145      
22          -7741.4563046672165      
21          -6518.1215670812317      
25          -7765.9933985599773      
16          -4112.6691005432695      
23          -8439.3956276860081      
13          -1065.8541944825536      
21          -9872.273062314569       
26          -10144.569253291043      
16          -2290.2470443863267      
24          -12375.397313565729      
29          -14615.040594299338      
25          -11102.649030104343      
24          -11606.124565122691      
37          -19965.456110433694      
46          -36450.304158105937      
42          -31885.678159967531      
55          -48334.387857103728      
51          -48355.300049516467      
38          -24726.087451976258      
35          -21258.726231128243      
43          -33392.799042608502      
32          -21799.533992887358      
40          -24935.961146136608      
22          -7157.2860830010404      
20          -6332.1909394917811      
23          -8872.7438987697915      
31          -12948.907367938151      
24          -11647.064967370656      
22          -9112.7876370451704      
17          -6691.8520053047259      
21          -9849.4655103228324      
32          -22516.960405028334      
30          -12805.238508302056      
19          -7385.6368720064766      
14          -5821.1671525783731      
15          -2941.7187313976547      
16          -3486.6724860766094      
30          -18788.934159546046      
23          -12109.610898462659      
32          -15093.649559581112      
19          -6761.9139181835435      
25          -7594.4423564815788      
32          -18591.786016458813      
36          -23690.663831854989      
43          -37350.057380475773      
35          -20318.345152598544      
28          -12400.743455545618      
26          -13677.394539400146      
25          -17096.925877560021      
27          -12382.715841483652      
32          -15275.570918868438      
25          -10493.953850816339      
33          -16130.134368011817      
35          -19237.239305986903      
42          -28724.398947587801      
46          -34583.063818918788      
44          -37769.8653489016        
33          -20636.301755743611      
28          -20258.307252078757      
33          -24869.745022962623      
36          -22613.429088598976      
45          -33759.227012619391      
48          -39331.939727370373      
56          -48470.125048905407      
46          -36829.542493867666      
46          -40991.752339694664      
45          -36039.630567822809      
43          -36586.78675846901       
49          -49172.760602000315      
52          -47626.87939902713       
46          -44225.341978525394      
47          -43012.505059858762      
39          -25433.982745828725      
45          -40245.481242806854      
51          -56507.923089099277      
58          -70385.812844945045      
55          -68150.296806856553      
60          -73844.429480592124      
60          -64370.25892199052       
73          -85734.994974823829      
75          -93634.57343632741       
73          -90862.340033182758      
86          -125204.88704663819      
89          -121562.29526310119      
83          -107491.52065011147      
70          -87518.978365267001      
59          -64101.113851333706      
65          -71123.690876167631      
59          -58040.772318190131      
50          -45858.829616069139      
36          -27026.288178629678      
42          -28672.258635631231      
50          -43553.838292202214      
48          -39623.148773553243      
66          -70843.397504241148      
74          -91757.21408986421       
70          -79900.997116748709      
81          -105706.06878567778      
82          -113774.6451860481       
90          -135930.60084606515      
95          -148468.04842260439      
90          -134442.88821879425      
89          -134015.43911976067      
96          -138321.46061808558      
97          -156050.71614626728      
97          -152679.62808585851      
92          -134242.50292304813      
92          -132219.77655567013      
87          -119562.19603579034      
86          -119061.31801602094      
88          -119154.1161984193       
79          -95909.936383552282      
88          -120233.67231920628      
83          -110338.45099967625      
82          -111684.10509618538      
76          -102431.7653293219       
88          -124646.13663005194      
85          -120464.90549294351      
75          -90770.992661278113      
83          -109137.66795199034      
87          -122199.511408037        
89          -131001.21010586461      
93          -135361.88814161121      
86          -123897.28511502923      
86          -120713.43130941063      
82          -115158.03211525433      
78          -99139.322619844723      
67          -81392.723597428834      
66          -78909.555261889705      
71          -91258.833929288652      
79          -100147.01166862763      
77          -95922.348857732068      
69          -79216.931718041858      
66          -78044.890461365634      
72          -83667.81324837124       
56          -50230.379007746407      
52          -43241.059424674655      
54          -54976.98160094679       
58          -58594.232207160814      
61          -68281.143881925076      
65          -77864.02252902546       
67          -94723.215177716964      
76          -104508.37938841557      
86          -125157.89819844176      
91          -131324.00005031479      
86          -132191.27839836996      
88          -127067.95784552068      
82          -112795.91862379876      
77          -112872.24607019508      
90          -144453.39887500191      
95          -148436.1709395684       
85          -110052.56813086323      
69          -79449.074041447457      
63          -73120.065246835875      
61          -63407.21184912169       
55          -58523.241423578482      
58          -66972.016558689895      
57          -52926.207191123372      
64          -65763.771997391203      
54          -45673.130779204876      
52          -46831.954488020921      
59          -50715.631302224625      
48          -39931.22625129221       
40          -34632.477556911603      
37          -22900.076495931753      
37          -19706.970067750637      
59          -60056.794208750202      
52          -49946.138890988637      
47          -42946.946739775885      
50          -38526.486900095784      
54          -52066.300078985936      
49          -49185.158445147492      
56          -56799.009501985493      
54          -51739.817411620126      
44          -37724.296132770825      
35          -26873.776504379493      
32          -20724.548727115965      
25          -13474.023921179647      
27          -14236.747866192005      
31          -16765.088084386342      
28          -14127.899940064694      
22          -11914.497511259664      
19          -8910.1374037125861      
24          -11398.824397355558      
17          -4642.313567545878       
23          -11051.62435579149       
24          -7791.2638373416739      
24          -10178.967412333026      
16          -3817.4018780831889      
31          -18876.34866126674       
34          -25430.104118816871      
42          -32801.295526375245      
37          -26643.710481192746      
43          -34144.573810769158      
52          -49681.600096675131      
42          -30816.885780855024      
33          -16184.256032004836      
20          -7124.5925027588346      
17          -7112.4562528790948      
18          -4325.7372635531019      
18          -4937.3207895728092      
16          -4253.8980636484421      
17          -6151.3490226251724      
29          -14360.283978222456      
31          -16042.596079274444      
16          -5665.9334724796909      
20          -7634.8686753276424      
12          -3347.2315557935262      
19          -5490.7264746164483      
11          -1445.1603175628102      
20          -5053.1554027943348      
38          -25743.316934725262      
29          -19207.908860193314      
24          -10740.216319421077      
19          -9103.7455423820666      
39          -25914.399569205569      
30          -17605.742683538891      
40          -27381.856422456702      
48          -42223.269763909768      
44          -37261.525737420416      
36          -30004.732071786144      
51          -52432.85525689146       
59          -61521.562176503219      
60          -63096.071455837126      
72          -90897.071560813099      
71          -85230.342110640326      
76          -92053.761736296117      
85          -111059.89627001472      
95          -142260.08020854235      
91          -125923.33631376045      
89          -120214.20206173207      
73          -81048.976556506474      
74          -90869.623885885798      
72          -92635.946713008903      
73          -91470.173669968615      
69          -84672.135223488382      
64          -74161.954254592172      
68          -80107.79359748587       
75          -96291.340779750346      
90          -129751.88887312461      
103         -173134.06536821771      
95          -153342.34351600116      
100         -167777.34313756687      
100         -165702.90240449217      
85          -131597.33324090741      
89          -138524.18040823261      
88          -128880.37852660009      
79          -106432.96617604858      
72          -91210.516137323852      
73          -89261.648932622629      
73          -89979.510487270149      
83          -112482.62967144734      
75          -96714.947992117726      
78          -103197.54274049797      
68          -76737.115032248723      
79          -101449.0296122953       
78          -107472.11647856722      
72          -101260.47188983085      
80          -113853.85673268922      
79          -109626.89194591671      
81          -103337.89979075053      
94          -140797.96886220106      
92          -130054.86398514183      
94          -134865.26410584437      
94          -143561.96377910156      
88          -119706.10777503456      
94          -133139.07955811231      
90          -127831.432401862        
90          -133305.68049045719      
92          -133666.20118569882      
84          -106576.18368212642      
80          -102404.58501356108      
82          -105474.55707935052      
81          -109689.45922019624      
75          -91842.830972187614      
65          -67029.46951544132       
60          -57266.244430366052      
65          -69558.12235874623       
56          -49982.691856463964      
56          -58042.104238235959      
61          -68711.95737975034       
63          -69682.91507926608       
49          -39521.077958087779      
43          -35056.107239453639      
45          -36209.618245620899      
37          -26769.791072043299      
46          -35762.354042991668      
37          -27073.732513319108      
37          -29743.431246360833      
39          -34991.077584717103      
54          -55507.163459418764      
37          -34623.9256050123        
34          -26082.422000058876      
35          -18292.630720420973      
30          -16022.679918649021      
24          -11148.584496348894      
18          -5821.3031004239938      
14          -4571.0517063456655      
15          -3291.3542370289715      
24          -7735.9453894866647      
21          -7734.1454406791672      
22          -10973.492410638704      
21          -11350.518944497502      
15          -7005.738707296382       
16          -6429.2660338771475      
12          -2803.6371471920888      
18          -6342.6818569263451      
10          -3595.2279657458016      
12          -3363.1747872368892      
27          -12472.379866823811      
35          -22498.51122042381       
41          -26034.222645400194      
44          -36641.225503383044      
36          -27938.600310969661      
34          -24705.688001696712      
28          -18752.520150631201      
18          -4120.6536340994908      
25          -10596.70438355753       
29          -17258.118049224111      
29          -10976.117992137282      
25          -7549.3184421987607      
29          -13122.635645859482      
24          -12729.481076825468      
21          -13554.067300725153      
26          -18639.678436235605      
44          -38173.04616770117       
45          -37399.565564867931      
32          -22067.231567416682      
42          -34955.283158038845      
44          -33851.493422640488      
44          -32250.956289245452      
50          -43012.228464041473      
47          -37439.200862113838      
39          -31702.425518334407      
39          -29409.678656025746      
30          -18314.485159642685      
31          -15507.807594491936      
45          -34228.104542304951      
34          -18818.437203575271      
29          -17774.209681161839      
21          -6701.0924397078816      
34          -18340.100161481834      
25          -10789.905738744717      
22          -8075.0528724514479      
24          -9591.3762029738991      
32          -20340.562258745511      
31          -20677.117646582341      
32          -20126.655025391719      
31          -21264.319695023649      
35          -21210.935721117654      
25          -6420.2302448852461      
13          -2775.095876448881       
14          -4315.446791110835       
19          -7822.1449135319654      
16          -4277.7145520450695      
19          -7266.6218363377966      
25          -13148.433435433264      
23          -12615.552286174832      
19          -5887.063566494302       
22          -9114.6747368560209      
34          -16812.814235626269      
21          -6752.0858049184717      
23          -9564.0773231888306      
41          -24500.763406806378      
42          -29098.556898285711      
30          -17362.412930217819      
41          -30888.768270280776      
39          -28124.425464095162      
39          -28629.50062550166       
44          -33521.755013890644      
48          -41064.123380581557      
36          -22433.66546619701       
29          -18379.903103944762      
29          -18330.970435086339      
28          -13628.680718834821      
29          -15097.06620892335       
40          -26533.969599660384      
43          -31611.609757871523      
32          -20006.793762431407      
31          -14290.804532445734      
33          -21990.374554461865      
25          -10395.376646466924      
35          -21648.463248622233      
39          -27212.864537633806      
42          -28426.632451064052      
50          -48573.805182473407      
57          -57638.077851874812      
75          -84755.028316934142      
70          -79905.731788944031      
58          -57336.392225324358      
57          -48289.663727459396      
53          -47960.433856387659      
55          -54290.240340439879      
59          -64432.926785015021      
58          -63461.951546564043      
59          -65564.240177439046      
53          -52884.780057599652      
51          -42472.912269661552      
54          -57874.296877608118      
52          -44648.912424188005      
45          -39316.503165052447      
38          -35933.37878314808       
40          -31273.487005600829      
39          -32294.339119389999      
35          -21179.029216694547      
32          -15486.286778858412      
45          -35160.601299870068      
39          -30893.053438626026      
50          -44684.083444499192      
49          -44939.189525957678      
57          -51937.276017015778      
44          -36955.109913161985      
51          -48613.442828442508      
62          -64755.011206954041      
63          -66248.130540692233      
73          -88064.509527327551      
77          -92190.824684044012      
63          -68535.96995110804       
55          -50199.087498522764      
54          -45391.764954153579      
65          -78897.523062817694      
60          -66291.200226628032      
46          -42372.992168332748      
43          -41249.034918470286      
39          -31012.777082932422      
43          -30730.807244258285      
48          -41861.400711831942      
40          -25162.30969880565       
45          -34378.532629480935      
44          -31944.451382131101      
49          -45963.692616349952      
52          -48768.756322304762      
52          -45620.593214974891      
34          -22458.796654311725      
34          -19746.117697083591      
30          -12123.007615802939      
25          -6299.2917626327135      
23          -6980.3510819520598      
28          -12613.782486566532      
23          -18178.292955884506      
24          -13529.958926807461      
21          -9257.5688264552482      
28          -16109.577296086511      
32          -17029.203233172877      
22          -11407.088720602653      
21          -6958.8818832261204      
21          -7005.1736204529088      
31          -16982.026889769815      
15          -2890.0003610859612      
20          -7641.8722878128547      
36          -24431.758484719845      
42          -32298.885447247023      
39          -28626.558640950876      
41          -30049.993093311881      
40          -28747.025440076104      
34          -23137.150656539758      
37          -20853.001490738949      
33          -17061.303280778186      
40          -33334.146640970634      
42          -38012.559616275263      
39          -25518.68005142358       
37          -24176.276595710246      
42          -33285.382455897612      
55          -51038.036187245467      
52          -43659.496266135262      
47          -35625.975869888425      
38          -24074.037501762115      
38          -25085.384033162627      
33          -24048.753205789075      
30          -20604.503747224731      
29          -23108.118927862131      
28          -13752.617830558545      
32          -20931.212803958915      
32          -14966.817376175779      
22          -8790.7682006427603      
21          -6820.7867680924537      
20          -10035.220712372482      
30          -15416.673078878317      
45          -36467.552685245988      
43          -35840.796481531914      
39          -29658.560462700574      
26          -12278.556953675821      
20          -8481.9693714598143      
19          -6265.8102038450925      
25          -16595.459488155604      
21          -9050.790278000648       
20          -7232.0728706284572      
22          -7961.5097243853334      
22          -9028.8780830374162      
26          -9995.9142974900187      
18          -3729.8525973735109      
21          -8447.7297879686648      
14          -4915.0456789461878      
24          -10436.741772080542      
30          -11928.348518745906      
30          -13615.244446363809      
26          -10089.734225299437      
33          -19329.029427214282      
40          -29558.288216257395      
42          -33328.797397444789      
53          -50804.12008096619       
47          -42160.758062902307      
43          -36678.561945669244      
48          -34617.637639657689      
46          -32856.17474987985       
48          -45108.704436789216      
46          -37762.296605272582      
47          -41761.844135546475      
48          -47358.144049336115      
38          -26576.898690435723      
38          -28856.522531080773      
26          -13972.917861120492      
36          -29426.544526963702      
29          -16398.54038636437       
23          -13874.86275457312       
36          -27134.425280416843      
41          -33505.593143395308      
39          -31189.800348822668      
36          -20937.081326432213      
34          -22997.231263796639      
23          -10119.492532190916      
15          -5166.1891331675715      
24          -13030.152542839145      
13          -3501.4272048583643      
10          -2591.6449462142982      
29          -16026.612758098916      
21          -7100.4808330264368      
28          -10956.235463098776      
39          -27664.687377477865      
34          -20041.62054193869       
34          -21510.757088237693      
51          -44643.763035952587      
50          -42747.930880486616      
46          -35257.737732445086      
46          -35166.649244253378      
56          -46946.863702524519      
52          -45382.433065922516      
42          -25430.867138286609      
36          -20204.498696043222      
22          -9128.4590376633187      
24          -12059.190545747999      
23          -13747.114016338168      
24          -14077.685709524065      
24          -10145.293396381858      
27          -11788.787226997305      
20          -6258.9915484146186      
20          -12317.359992924865      
23          -9302.3898442430727      
24          -11152.95780377419       
37          -19359.050300282797      
26          -10063.414037126438      
39          -22590.466964759224      
39          -28295.882424153635      
31          -15196.795484083004      
17          -4697.3692872365655      
15          -4214.7153644690861      
29          -13751.285183777254      
18          -5254.513218898921       
28          -13028.683666896879      
25          -12999.452625833719      
18          -5325.8843650125855      
22          -10548.721479042017      
24          -9413.8869828259376      
29          -14925.53982605728       
41          -27285.785631815324      
32          -22040.116284782474      
30          -20412.588987879171      
29          -18680.372688376123      
37          -27549.438140366052      
38          -29776.343279968391      
41          -32071.497384688762      
47          -36951.132177754829      
49          -45533.040657230878      
52          -49218.744127547878      
50          -55447.225755728614      
45          -40688.617009674461      
45          -35107.506681116458      
35          -20740.290160148415      
33          -20741.750706112216      
43          -33043.27327636494       
48          -35032.943547762799      
36          -29001.796992337913      
38          -29638.316874251967      
29          -16823.513816618972      
22          -8125.1841645943396      
19          -4296.1698851855226      
17          -4974.2049738187916      
15          -3726.3446998265395      
17          -6321.4294661730382      
22          -12532.026479017846      
34          -17943.11152531916       
32          -20406.115819050814      
29          -14895.100544536206      
27          -11696.583733104064      
31          -14273.479564954769      
31          -19380.567981384625      
30          -15385.981452089463      
42          -28831.284994866797      
45          -30679.62128480212       
25          -9571.830526309599       
34          -23899.262923854178      
30          -13941.590388378139      
17          -4673.5263591694584      
18          -5969.4345578331495      
28          -8883.7033387700303      
30          -11160.568588834791      
26          -9446.8948493993066      
24          -9381.1830013130839      
26          -12215.319872522454      
21          -9171.5399200644752      
20          -5675.8498203694026      
27          -10860.324913444927      
20          -8048.7751695901861      
24          -12405.801255001914      
29          -14761.028994856424      
17          -4647.0827580089735      
15          -4461.1854871802188      
24          -13060.63281117708       
39          -32893.718008846125      
31          -19521.65462802511       
26          -11771.296568541249      
31          -16960.603532772337      
21          -11901.898515426748      
32          -21865.455444401781      
21          -8977.0722781788299      
32          -17334.596124295927      
30          -15104.153791769542      
32          -15271.982421174083      
47          -47824.127997291012      
52          -50342.276524608751      
51          -51056.060521324223      
46          -47031.53953502536       
42          -33726.470696273376      
45          -31713.671389621806      
51          -40374.201462621699      
46          -37125.770825050546      
37          -29268.954061696044      
39          -29136.850587226614      
45          -33537.020874231806      
46          -38484.699054612458      
47          -41406.747178913982      
54          -46021.652271030995      
50          -43416.585158291527      
47          -36788.76989769825       
49          -37823.774725235766      
44          -31729.307146201962      
40          -34889.137227258674      
33          -20987.556170903819      
31          -19675.760636986033      
32          -20225.244537544331      
34          -19791.631521434425      
30          -15310.430182511114      
36          -19212.118760482441      
33          -21069.34212263094       
27          -13750.622238840811      
27          -11069.144104591909      
27          -11935.518806023549      
30          -20337.246009580289      
27          -15270.388517226353      
37          -23987.167795995902      
40          -31936.361055312038      
40          -33042.357886118843      
42          -33353.814205767529      
43          -33983.583547450136      
31          -23105.253002992958      
38          -29646.30138496924       
41          -33351.874759147169      
44          -41525.212515920706      
47          -47886.675670902689      
54          -51266.050667380667      
56          -55429.536405246341      
65          -74004.875035420104      
67          -73156.759762812348      
65          -75953.405990195577      
60          -53821.408570503903      
63          -70136.258377872204      
69          -80982.254394087082      
73          -85101.079915868875      
73          -85600.485462916302      
67          -77914.664828525289      
74          -98720.590635257438      
62          -68566.494106904021      
65          -73135.771617385661      
68          -79657.819847223218      
67          -86940.156364783339      
56          -57020.131632786928      
59          -58514.735932185358      
42          -30455.915948894897      
41          -28195.91914650426       
39          -21941.997432345786      
28          -11582.959446610714      
29          -18320.548395229242      
26          -12323.335884135655      
16          -6186.681567825497       
17          -5921.1805143325264      
10          -2719.8275580783347      
18          -5545.2738567448896      
26          -13894.476988304381      
41          -32659.065916585216      
47          -38196.03038016022       
38          -29456.633106081517      
28          -17080.894302658911      
24          -10894.761264722385      
25          -12046.836669243496      
35          -23920.866159692392      
34          -22415.18371534114       
28          -14138.121432609041      
17          -5116.0232109900808      
14          -2574.7749921658356      
30          -12585.04839688512       
33          -21068.456098691622      
29          -17522.492307358629      
31          -18928.282732511794      
33          -21698.679769378843      
27          -15979.356758973146      
29          -19170.967014707374      
20          -11401.945962208505      
25          -9452.6929781213003      
29          -10680.776115766825      
33          -20069.784621477869      
26          -10675.307485531883      
31          -18149.121088808373      
29          -16117.278597322464      
42          -30639.091950447313      
33          -16852.875394790812      
29          -16551.467005772934      
19          -7501.2872930399826      
18          -6823.2225197461148      
27          -10785.468501610832      
35          -30678.388239334527      
40          -30687.704199688615      
35          -25324.944747643647      
30          -19348.136627336331      
36          -25299.2576905442        
22          -8712.0074004035378      
25          -9487.7101182417282      
21          -7588.9517739089233      
18          -4456.2608747322929      
27          -12567.548360067012      
28          -14356.154830022131      
20          -9254.570994702075       
17          -5140.8771016916899      
22          -6133.6542932221364      
17          -5270.2593100102094      
17          -5525.2438623726648      
23          -9227.4827611619785      
29          -12981.611054207418      
28          -15670.682968701871      
30          -16501.980396827239      
26          -14103.117808054447      
28          -15057.533847116913      
23          -15074.816357632157      
25          -9579.5730627593748      
25          -14667.218940972018      
28          -16618.864692615469      
27          -14547.396563378803      
27          -12303.864029166467      
26          -12216.136293586589      
16          -3830.3344139236019      
17          -5794.0927973530379      
25          -10545.957897635455      
44          -27588.93614378299       
47          -29763.284980183802      
53          -46698.134234633282      
56          -48207.7623603908        
61          -54766.165439127952      
57          -58180.391820488148      
57          -57217.232352385676      
53          -60543.067092664875      
50          -57101.84143392041       
53          -54536.536394691124      
52          -46547.563472773058      
55          -56649.385789154199      
51          -51696.598974702785      
49          -46096.856967090818      
54          -52522.945513132676      
50          -46268.347432670576      
52          -48856.766855641123      
54          -55940.349238571027      
52          -47612.352832552031      
53          -47614.098468892225      
55          -51561.273223154734      
55          -54015.4138176044        
61          -66304.325137426538      
69          -81368.014033697778      
69          -82450.926730923107      
72          -86781.98392397858       
74          -87603.122849370178      
82          -111831.53783938137      
85          -111639.86280506646      
89          -124679.64380607636      
96          -152003.56899087189      
94          -143788.53962645779      
100         -157668.40909871759      
107         -185512.08366126165      
108         -195273.15100049475      
108         -191807.69470701521      
105         -182150.49105847499      
107         -190170.9689256475       
110         -196697.14495234334      
100         -163506.83098160822      
100         -170823.63088299544      
109         -189154.40236815295      
112         -199426.87491124694      
101         -163280.40257354869      
95          -159687.45161065465      
96          -155979.04283467916      
102         -174151.90079680379      
98          -160390.62859250186      
110         -189574.19739951449      
100         -164951.77745515341      
92          -139644.58774471574      
98          -164246.09714643389      
102         -171214.33413222816      
98          -154033.59678674693      
84          -125656.07206067292      
80          -108485.48802174389      
77          -102951.43350824484      
86          -122277.74751034941      
87          -124733.62869851562      
84          -110323.41784271941      
86          -122941.95303221294      
91          -129500.15817207421      
95          -138290.52089705432      
85          -117639.85771943018      
95          -147634.10932051332      
98          -156266.64684721682      
100         -161028.61737361044      
101         -163411.5639493528       
109         -193275.27613246645      
112         -203307.55008213216      
117         -216337.15332014379      
115         -214928.6702538878       
118         -224772.9084167119       
114         -210036.59865408565      
114         -213325.35358685776      
111         -199874.1064895062       
115         -213321.81259952564      
114         -210256.338882991        
117         -219052.53973651669      
114         -206144.39045840845      
111         -197306.81754067368      
112         -205220.33815780003      
116         -216252.23272062201      
109         -195511.08753520573      
108         -181094.14642060123      
103         -173658.00090849804      
105         -178338.81490090469      
99          -156102.50967644001      
107         -185027.2026059427       
103         -166573.83007629405      
105         -175152.7406807201       
104         -171326.25483489691      
103         -172238.89646214523      
105         -183784.68751531481      
97          -154622.81475346308      
103         -168516.83187869799      
94          -142804.13854451705      
90          -131334.31641373679      
91          -125104.9169806664       
105         -169981.56922505298      
105         -170098.5929332056       
109         -185971.43557876511      
110         -192562.79090334781      
120         -231698.5321502077       
114         -216004.18252485621      
116         -213929.85440414946      
114         -204066.0673902678       
109         -183134.3782707463       
106         -174431.46021053128      
99          -155799.99387052254      
89          -130533.08930503535      
71          -94388.83817631533       
77          -109033.33827603463      
84          -115584.33568977081      
73          -88212.985669766102      
72          -87135.228328352649      
78          -103231.31185604821      
73          -95114.10696265033       
69          -82844.490672183136      
79          -106423.46505080994      
83          -114230.80795095192      
85          -119356.92301742019      
93          -134906.27880526806      
91          -133361.34413330071      
86          -116010.42996064664      
90          -127998.23271966724      
85          -117168.62979582595      
94          -143072.2051175088       
83          -111225.84029555712      
84          -109912.68472023093      
86          -105493.22803167533      
86          -106023.10285894782      
91          -129257.77759613175      
94          -140965.55616706455      
88          -124987.1554411917       
94          -143650.58163560301      
106         -177786.65173795735      
117         -207630.04226455637      
109         -186947.60064023899      
101         -162103.18999005284      
94          -140233.64898850446      
89          -134399.11842190058      
93          -140064.46059751208      
87          -124732.37283443706      
77          -104006.61045701324      
85          -119079.36620973039      
95          -142169.24398762634      
98          -149392.85984744364      
91          -128415.64148418485      
92          -135707.05884182797      
101         -159174.15847681064      
104         -169943.9388657556       
108         -186684.06330115948      
106         -181079.88074303884      
103         -171083.8696285036       
99          -164718.81058230996      
103         -178816.45822994818      
110         -201996.59656753665      
120         -230738.24729143508      
121         -230396.8176078283       
117         -219263.67626282465      
118         -220019.46257535071      
114         -202925.7876213376       
121         -218190.59310604076      
114         -202861.38605179344      
111         -199674.61522885191      
114         -208857.5066506367       
110         -199217.05210628285      
105         -176567.23343733797      
101         -160436.38776604808      
94          -144277.50438966774      
92          -132944.69384751315      
100         -160287.26422221831      
99          -165546.43158228253      
108         -189937.69784499577      
102         -170001.44091310038      
104         -174766.00062930366      
104         -175244.38752905381      
95          -155875.54399655596      
85          -126950.85607237276      
95          -151491.85352138331      
99          -154593.61383305068      
95          -140191.2924311611       
99          -154862.91938892475      
97          -143127.31017883503      
102         -163722.6380966435       
98          -148740.38088181039      
94          -139761.86335775632      
91          -127091.05360530867      
85          -115468.5015897624       
91          -135234.6621101702       
84          -110549.78825917089      
82          -106312.68988560828      
71          -92948.311911201919      
81          -108072.45491486021      
81          -105317.2778722178       
85          -109890.69897285872      
84          -110637.87554068811      
75          -89341.631356077225      
72          -86021.588941706752      
83          -112748.95874196109      
81          -103548.9151550512       
79          -98445.527527899743      
79          -99327.40198354554       
71          -86320.965601903081      
72          -91063.265859032632      
82          -104668.32207598348      
82          -108589.47902321053      
68          -77529.695411119261      
65          -73677.682519342474      
64          -70132.290687233282      
72          -90227.931404335526      
67          -88925.154972837918      
59          -66022.909336078548      
62          -65718.821510117516      
62          -67395.823308018647      
61          -60306.806279664655      
56          -56720.299368534586      
57          -55009.40992673258       
63          -67164.271146182436      
64          -63136.203958906328      
68          -80451.614351093594      
67          -79930.212472164872      
74          -86209.244354383947      
71          -82440.388260039967      
59          -63961.37658123274       
56          -56996.064435041088      
66          -82928.572287985909      
73          -102140.93924496543      
70          -81818.13198992901       
62          -66374.726478727593      
68          -81794.040646077789      
62          -67000.010791126391      
51          -43567.044207628081      
50          -41969.218009540331      
51          -42623.995304898825      
52          -48924.381744515966      
47          -41711.486412156766      
52          -47624.106142405602      
59          -68213.380899367228      
52          -48114.143178330072      
60          -59098.898139120087      
60          -65211.887489916779      
73          -89187.148965193293      
68          -73821.925528305524      
53          -48416.765863118344      
53          -50897.783757798352      
48          -36960.368718534744      
54          -46553.541604238722      
48          -42680.983342223844      
32          -19767.82142326027       
32          -22922.711258516429      
28          -12077.874164996845      
22          -8482.8886637423893      
23          -9827.0991443970088      
21          -10169.414239396308      
23          -9619.2083824321417      
13          -2481.4521539438015      
21          -8530.3813639583896      
28          -13612.153811712569      
31          -17232.700733207836      
15          -4475.8258683867152      
19          -6289.2775839125015      
31          -17799.635539562929      
34          -17706.775084517223      
32          -19454.19263705672       
38          -26124.048023376417      
42          -28220.509545222543      
37          -27950.145933180967      
31          -15246.428136000726      
25          -10915.958055697369      
38          -25326.535505914369      
40          -26911.613212111562      
41          -28619.185172473175      
39          -32556.403396682046      
40          -30995.204792081728      
35          -27043.827564255178      
40          -31061.533999356045      
45          -33730.177200656879      
46          -40650.889117845414      
46          -36173.16561065775       
53          -50432.477345848289      
58          -54016.641860732561      
55          -52534.986046395832      
66          -77347.058065888501      
51          -53048.446911975436      
54          -54617.650723555853      
57          -57507.244104305944      
64          -61866.111014108559      
53          -42907.240439740963      
51          -44759.289698925793      
54          -50444.75459751462       
53          -47276.845106354689      
49          -40435.09411645127       
55          -52755.189409456383      
58          -58952.254372573349      
53          -53675.428455256268      
42          -34164.354946664724      
37          -21695.98079720317       
41          -30487.304960988618      
38          -22408.491565213171      
42          -29541.225940160468      
29          -18092.442207430475      
40          -31731.450027086048      
26          -10132.017304641151      
19          -6801.9935188664422      
26          -11616.40940710768       
26          -13171.645283472933      
34          -19069.84707335323       
26          -11194.661160318576      
19          -6012.4281130359805      
28          -16549.151486055882      
36          -24846.751710724093      
35          -20754.410829953365      
29          -9535.0650604193634      
25          -9726.2770072679214      
29          -12583.166148368413      
19          -4233.8533520655574      
23          -9518.6561372250617      
25          -11748.164633549166      
30          -19161.484994786329      
30          -21226.941879674971      
36          -24202.496810984223      
34          -17781.882822552103      
28          -12748.273322989291      
27          -11623.793888392358      
25          -9838.5595983290168      
27          -12204.049628745139      
27          -23504.652588242378      
32          -18170.647764474059      
36          -23361.676789996953      
39          -30260.944775924163      
42          -33782.381755577895      
38          -27590.033696297905      
43          -22618.758344912316      
29          -15768.404445821663      
32          -24158.952043463763      
34          -21044.800214776275      
25          -8540.9404214798469      
27          -14273.16670092055       
34          -18893.604386552153      
37          -25743.309168538923      
41          -32577.226758505887      
38          -30632.122879151779      
30          -14260.031180397815      
20          -5500.8212297170076      
29          -15982.313179096505      
26          -9883.8494812680146      
22          -10966.051223111293      
22          -10522.226654821734      
27          -21001.004326645427      
42          -30765.076978813668      
39          -28366.816263581844      
33          -15705.270768385108      
22          -11314.195645336662      
15          -4614.0133568164656      
27          -11061.276969628007      
31          -17100.614967218648      
35          -21963.740535432131      
30          -19614.670507824398      
39          -26823.378175190093      
44          -35369.224487257161      
42          -31747.087599874005      
58          -52743.06771558027       
50          -48379.442638594097      
61          -63033.720551138591      
51          -40949.497149965377      
50          -38401.439847574926      
59          -61160.933196481521      
57          -54485.861722409194      
55          -50847.05135857439       
59          -57724.568588879869      
56          -46594.055057730453      
60          -60738.103222135498      
58          -62218.310180203822      
52          -46064.655370118817      
57          -54595.635581837261      
45          -38196.038891867029      
41          -27290.011215003629      
53          -47430.933511238829      
46          -36252.431485522517      
33          -20907.763381193821      
39          -26552.767673219078      
35          -25234.528037588494      
34          -19175.293280037822      
25          -10497.526448198238      
14          -2832.003443472739       
28          -12940.524132597697      
23          -10969.873844492602      
23          -7872.0629384350614      
19          -5160.1356047185955      
28          -10972.504889591137      
40          -27571.878952611718      
42          -35398.432495245637      
45          -36610.341312788725      
26          -16653.452686558754      
27          -13718.881852829034      
38          -33836.735058195729      
46          -38757.568882523723      
43          -31707.023916337788      
55          -53498.453059318555      
70          -83827.446646008932      
67          -79299.131527741964      
56          -56241.735804699398      
53          -45504.284937373399      
47          -39645.581730007048      
60          -60641.087626098612      
55          -55543.911826801042      
47          -47087.329423503885      
49          -48440.435812744312      
43          -33793.679758632374      
36          -18553.117006154611      
27          -12250.530086954361      
30          -12490.570212869445      
23          -7924.3977857464033      
18          -6123.9716385744177      
20          -6613.4628218863672      
13          -2753.0712282209588      
26          -10666.494117619641      
32          -17660.082658394225      
32          -23308.206649496176      
31          -17669.957933247133      
18          -7008.6185992660403      
35          -23286.189964976569      
38          -27319.086197847297      
37          -25240.843545537638      
35          -30182.651390589177      
43          -28756.798364554572      
22          -7346.2802565503071      
27          -12526.203316517351      
29          -15582.129538137056      
34          -19056.876707648378      
24          -12927.458686240912      
24          -11762.742824567995      
25          -10949.138416833735      
19          -7837.1861372246094      
27          -14697.994843347318      
21          -9861.4774523188098      
30          -17564.953134391908      
15          -4879.9997027316549      
18          -7619.4381187298413      
15          -2902.1431774659745      
22          -7159.0796472291686      
31          -21791.53399992338       
35          -26131.212433283781      
29          -18432.983325828813      
16          -13297.734389406736      
21          -9487.1869411017378      
27          -16245.807673231044      
29          -21872.225281022293      
22          -10608.314300970524      
32          -17145.228678526986      
30          -19450.653851987143      
36          -22234.567914529958      
32          -20230.70942220811       
30          -16460.21452592592       
19          -8651.1123613293912      
14          -3969.1352973840612      
15          -4882.3596941868436      
21          -8094.4102135316189      
33          -21568.838650860416      
24          -9031.1534479984421      
21          -7554.3659552967338      
17          -4969.8517067480116      
23          -8281.4039622241871      
21          -11329.606996414581      
21          -9512.1083878431837      
26          -12409.923700487865      
31          -25975.699503779557      
51          -45939.585654695693      
55          -50618.730341411909      
61          -61481.18594392261       
54          -46858.896718653188      
55          -44555.862617015977      
41          -33091.280400751362      
26          -17573.860985115778      
31          -16797.662234751522      
17          -4369.2160743623808      
25          -10843.641811460378      
26          -10357.70167736654       
38          -23053.025052933805      
34          -15759.542733889739      
31          -17322.126237837721      
29          -15019.776226902608      
34          -21152.565202630194      
46          -33540.068961675192      
45          -39092.61019032725       
42          -30945.263168436075      
44          -32085.229687255593      
45          -40127.669794778696      
25          -13353.310587201911      
25          -11676.769048753928      
37          -24024.899852641782      
38          -30915.625120864919      
30          -20122.939112228902      
25          -8778.4077388798614      
23          -10673.673442366444      
26          -10560.91851068347       
34          -24512.917445144147      
26          -15091.554531901316      
28          -17037.004709611498      
33          -21083.134695078617      
52          -42711.303733816996      
58          -58300.254926655209      
55          -41036.690997533726      
52          -40365.004495879846      
54          -54584.94134291583       
54          -55870.317298270274      
43          -40598.95252064013       
44          -35274.340510940034      
57          -53791.911993706992      
58          -58153.262067498275      
55          -46471.215259917582      
61          -58831.08965514975       
60          -56475.549790710051      
51          -51725.419499727388      
46          -34595.473866682645      
56          -56315.207477816839      
58          -55740.897996814536      
62          -67923.762497647243      
57          -60704.602537514045      
59          -58318.808727401221      
57          -55770.79173754777       
57          -57987.41520202058       
55          -48367.973581937586      
58          -47944.827379624934      
42          -27264.927693951508      
41          -26532.257529965074      
24          -10283.526420447743      
22          -7192.1528086533654      
20          -9483.7308417927361      
25          -7842.4700956140969      
25          -7459.4794249514953      
24          -11716.392104119233      
10          -1714.682740029742       
16          -6519.6166130281626      
19          -8382.7113410258899      
19          -4699.7045708208643      
14          -3552.3728238531312      
27          -12539.345845702255      
34          -20987.626120269077      
35          -21433.484132339898      
34          -24540.507867538163      
35          -28573.086368095788      
38          -28638.470449201159      
45          -35489.735284720155      
33          -22356.019039805265      
35          -25520.090297730902      
27          -12902.500730656679      
28          -16267.961815784178      
30          -15125.032544037887      
31          -17931.865977815232      
28          -9265.1148065890338      
30          -15812.219682322022      
30          -20300.943460489689      
34          -18607.069630999384      
34          -20964.043675890196      
36          -22045.343207455589      
35          -27204.46785231015       
35          -23034.685726168067      
26          -16403.13865432403       
34          -15964.78428249935       
28          -12180.990920122204      
32          -17999.284703628091      
40          -28552.621341728984      
48          -34165.759905472405      
43          -30813.59928383377       
41          -29034.772278191438      
35          -19489.958555519665      
44          -34918.570271982877      
38          -29165.008258590158      
33          -18478.208681913726      
44          -36050.422591700022      
34          -26200.989008910576      
38          -29226.047750451169      
33          -17986.193853289624      
26          -13798.148310743476      
23          -13529.210422574561      
35          -21243.105142205834      
31          -17383.529758713092      
39          -25148.433739058066      
40          -24885.203487979343      
38          -21872.342159449279      
28          -15230.731657471726      
30          -19928.057855507475      
25          -12994.791523978314      
27          -10823.094246379058      
34          -21965.973898500852      
27          -15041.045353681428      
27          -12511.732290738961      
17          -5062.4192359570879      
16          -4742.5247674297907      
27          -11268.339307481807      
26          -11525.426322779031      
30          -16105.110363090136      
25          -13273.345571738342      
34          -17225.074288572243      
34          -20813.014174207703      
43          -28500.008616292333      
52          -46884.673993841294      
42          -30974.522224961293      
36          -25038.900863989697      
39          -32993.137416096928      
36          -29195.202320418179      
30          -17490.931384241921      
17          -5115.2630642945414      
20          -6672.6099120962081      
21          -6443.1307174772373      
21          -8703.9356138631811      
37          -24724.609645647881      
50          -38781.00860562241       
50          -38524.089252874634      
53          -44965.062261658146      
54          -51511.630599868906      
58          -60807.707408302376      
54          -47986.770742638902      
51          -45120.735606065275      
38          -26451.863942750897      
31          -21427.143429487773      
40          -27225.855916913555      
28          -15548.620698217632      
29          -14689.461561210988      
25          -10260.566707464604      
19          -6340.5516241042787      
28          -16098.544198142006      
33          -20370.742098612944      
46          -34504.075910085521      
37          -21067.542360522522      
33          -19804.479633235911      
20          -7683.070194425346       
17          -4808.9726849234112      
17          -6848.3671248709661      
30          -19620.78745252913       
36          -20218.727008486716      
27          -10146.007578282228      
38          -21338.588915391923      
23          -9984.6145815406016      
39          -30234.171541366733      
36          -25801.518459983108      
33          -16889.649873203605      
38          -26595.482322204647      
35          -20765.001051455361      
38          -24338.980553238936      
30          -15828.33866938079       
47          -40542.798408598705      
52          -45938.652601640271      
34          -19844.561304612638      
36          -24861.008197737665      
29          -13462.903173284079      
29          -12273.152452637989      
16          -7695.4143257167962      
15          -4071.5100111510692      
13          -2706.6608660634902      
17          -4952.2362796466823      
25          -12155.9468863743        
32          -19406.004629401705      
34          -16886.565176181153      
31          -19060.858972557413      
26          -11570.871316776433      
31          -14697.826637544818      
38          -32709.331095698482      
42          -27742.056160505868      
37          -20487.713422183886      
40          -34722.781290591411      
55          -56261.446959206143      
58          -55159.209375437655      
60          -61816.302834224625      
59          -62374.32745154421       
63          -61448.514242698111      
66          -69297.013303261061      
57          -55666.225720096183      
43          -32873.830293968102      
38          -28292.219557356737      
36          -18511.868727487312      
40          -25916.350728829682      
46          -37368.821242729238      
40          -35521.200287580017      
50          -46844.387506091414      
50          -52246.609674156396      
53          -59987.617789881893      
45          -39279.815569290557      
44          -40798.41762499114       
47          -40611.362651819407      
38          -29573.237972064024      
32          -22371.833975580979      
34          -18501.602768589084      
39          -26496.892967104672      
36          -20960.85288625563       
28          -14597.513341640464      
25          -10539.660259171267      
37          -24839.539479311308      
25          -12537.184914327305      
26          -11637.837756044588      
14          -3671.4268469288245      
22          -5894.7706602401086      
22          -10585.011904275356      
22          -9175.5590681296071      
23          -12648.415458989195      
21          -4603.9121079621009      
27          -13070.293964695478      
24          -8833.3520612641169      
22          -8390.2979264265232      
29          -11786.682115094498      
24          -8135.4406379526572      
28          -11819.831415396153      
24          -7674.195940424941       
19          -3338.2979865884863      
29          -16712.422813178055      
24          -9291.3692479928668      
46          -28052.495626297386      
43          -30298.197364378131      
28          -13864.406723549639      
41          -33315.507616905605      
44          -34136.706776913779      
41          -28900.821366404656      
34          -18126.802346101038      
20          -10262.511712984875      
13          -4925.6284814766059      
29          -19709.637460746206      
22          -11280.946403703711      
26          -11038.947999628015      
26          -13390.978376075655      
25          -10198.212908923986      
26          -12508.335296216999      
21          -6316.3547212499334      
28          -13193.163258992879      
30          -12963.783901221197      
36          -23563.500994448365      
37          -30409.078382959127      
38          -28757.726762973383      
38          -23111.937390149302      
39          -28307.911952255919      
50          -39782.488984128853      
47          -40230.485295091545      
56          -62318.886540343607      
55          -50330.148183657577      
53          -55601.352188255551      
55          -54594.184320206194      
43          -33357.65195984469       
47          -34797.066448624173      
46          -34352.303638009384      
48          -34531.252264304741      
41          -25964.658963010814      
39          -23379.610100348302      
38          -26439.864230271636      
40          -33330.663905043679      
19          -8512.0621865564626      
28          -11988.600809918407      
30          -19011.337431299689      
49          -42437.247610678183      
37          -24597.209717076432      
43          -42532.993741345759      
42          -38135.829754102771      
41          -36739.585134840709      
41          -31489.21460029031       
41          -32263.5526450252        
42          -26460.145109414112      
43          -31027.890046930777      
38          -23520.739114082629      
37          -23148.806824875071      
28          -17556.220722536626      
34          -21826.813364845711      
36          -28708.078576194181      
27          -16550.12436396884       
16          -5531.5221714641666      
26          -16919.586225078117      
19          -13088.357166841462      
29          -14814.846613068945      
24          -14567.627147592239      
24          -11206.246843029148      
22          -9418.3919623131187      
11          -2484.6998488690715      
33          -15915.443758343285      
37          -22984.139543007277      
31          -17355.827705790383      
30          -16661.867009426016      
33          -19721.421271553208      
30          -22162.014186160151      
24          -9833.4688105006244      
25          -12088.683415340314      
21          -7400.6187668050097      
24          -10552.215698246375      
