410 1 -3135 30 30 30
74          -68353.351468272333      
78          -69248.918021162914      
80          -73643.15271106665       
72          -62372.952930588152      
70          -56888.024800101353      
63          -50868.816319505277      
61          -48823.832687590351      
68          -57288.448322061828      
71          -61494.705362933142      
68          -58374.499476918048      
71          -64945.840726816612      
64          -55130.699351287381      
65          -56865.944791166054      
85          -85257.266256296483      
94          -99651.837993861249      
84          -81302.895816432821      
85          -83743.618113069198      
84          -81914.720328698633      
80          -73451.206741536502      
63          -49724.994772220052      
66          -53190.381614154219      
68          -56488.371733853048      
68          -53627.579570483882      
71          -64649.509034170791      
73          -62545.798600301045      
63          -49415.94536161924       
72          -61799.442455138065      
68          -57677.439062761725      
66          -60020.005518709258      
74          -64809.921728064131      
78          -73335.821647426565      
77          -70372.447752585271      
78          -72244.774553998024      
85          -82015.533288145292      
82          -83981.052530871384      
91          -95729.802014469577      
86          -92061.689165484218      
88          -90894.639483108011      
93          -98959.566633792099      
92          -98266.461538827745      
87          -90515.32194638747       
94          -100077.30012959825      
90          -92244.492247480361      
92          -93347.675593211374      
93          -102286.51464695275      
85          -87543.104366415995      
81          -77705.257975708679      
89          -95151.784691918976      
102         -118469.78755533819      
102         -117230.02962068262      
97          -106399.80413271698      
94          -104879.46360412161      
88          -93768.704879218873      
87          -90652.286604627763      
94          -103930.25725016494      
93          -110760.82404993111      
85          -98880.903566968263      
90          -105613.43865884197      
84          -90549.073440612905      
92          -105778.12453365023      
96          -109300.24245331576      
93          -105389.99834517177      
96          -110870.97421366554      
107         -136798.44666785892      
109         -145959.69371042424      
101         -120421.58773644062      
103         -127833.93058808042      
102         -123559.54347821554      
98          -117382.06129312993      
95          -105447.51765325091      
86          -88397.620732864845      
98          -110066.65879418672      
97          -110542.77041035777      
103         -126673.99603117157      
109         -142097.63081043013      
104         -129475.57603919896      
105         -136817.81022963612      
104         -129663.08893806297      
102         -128236.60942359695      
96          -108391.69639033634      
89          -95022.088006525941      
91          -92174.528311318019      
88          -88710.730936293563      
98          -106370.14028593991      
102         -115829.35467481679      
104         -124875.06154999656      
99          -112081.16825962652      
96          -106922.38275631829      
88          -94097.700073135202      
98          -113097.44567847652      
103         -123796.33137397097      
109         -133178.22738211806      
108         -135587.37581519524      
114         -149612.49961463784      
109         -140962.06962562367      
108         -136952.40569736742      
105         -124832.87259477148      
97          -108981.51933213766      
94          -103333.77100160814      
106         -127201.63021509071      
111         -141908.28431641354      
106         -126019.87836960383      
100         -113340.3323241561       
98          -107875.11555706522      
96          -104235.82604800235      
90          -95805.121503875096      
85          -85819.51143332111       
91          -96668.441309606977      
93          -99505.278128363352      
90          -89861.450969077894      
97          -105479.1196332221       
95          -105381.67204535914      
88          -91917.738395550579      
99          -113970.88439278524      
90          -93211.20895777666       
91          -96478.357740161198      
94          -105804.20109895764      
92          -96671.207509498723      
101         -117874.00491095069      
98          -113051.35559537823      
103         -121529.77738940142      
109         -135533.92479980201      
108         -133456.32540115606      
98          -108797.68130027535      
95          -100929.0100957356       
100         -111446.21532482799      
97          -105310.93767558766      
97          -109424.35142958956      
91          -99369.287983229064      
90          -92557.099819133015      
80          -74227.076742853285      
82          -78249.569109521733      
72          -64100.530434336208      
71          -63034.468210920466      
72          -60301.124303784905      
77          -72241.155975076777      
74          -69227.782251951954      
89          -91618.458928081309      
91          -95135.100602714811      
96          -107551.38019194079      
91          -98030.806062565011      
96          -107640.06390110073      
92          -97859.788986569038      
95          -106252.33543435266      
95          -107618.47022212579      
98          -110502.11782397259      
95          -104626.01547771023      
91          -93755.160329286562      
81          -82702.19984256399       
78          -72986.207930619625      
68          -59631.812621575751      
65          -52704.301315052253      
78          -75268.094980284062      
88          -89942.460641756246      
96          -108108.43785688299      
91          -94414.774445371149      
91          -96798.492578874051      
101         -121304.10308559594      
98          -109979.80412440366      
88          -92727.399415178923      
90          -94108.161401102669      
84          -81782.143298029318      
84          -81393.94141982554       
66          -52858.441738698923      
69          -56741.187938299561      
62          -45186.961673976046      
43          -23498.09520614854       
46          -27670.05224334987       
35          -17483.116476773284      
29          -10668.858881223734      
36          -12220.457837067606      
44          -23359.997063970561      
36          -18527.79088530286       
41          -24514.487035472677      
25          -10616.352853886741      
27          -9068.4429754044559      
23          -7485.106014223833       
19          -7779.2085796441452      
22          -5800.5496812190822      
30          -10945.358095945305      
43          -23178.860773402452      
34          -15262.486403908666      
37          -16856.323889658586      
31          -12670.223493554429      
37          -16176.956316196465      
41          -14071.910192311723      
31          -13923.707212929476      
27          -10771.718377150941      
22          -6752.8869992397886      
18          -4304.8051518619413      
37          -13809.964613338836      
38          -17002.956787512903      
41          -19679.310888882406      
38          -19070.244386581227      
45          -29057.318910215545      
51          -31011.202482210083      
31          -11801.398919485846      
38          -17036.725475037303      
43          -27494.329984645879      
49          -27377.399030281042      
59          -41396.439938832707      
66          -53814.093997645898      
73          -63122.416296452764      
74          -65377.692819064308      
78          -76228.035877647722      
77          -74796.624861712466      
68          -57233.256768452098      
70          -58333.512382703731      
65          -48519.185336593         
63          -50620.30964298248       
62          -51729.998747271486      
63          -51258.431603232857      
66          -56641.353487109627      
57          -42993.897371137507      
56          -39950.90123256739       
56          -40156.571195483688      
60          -43284.956367679013      
65          -48060.362503545504      
55          -37532.191935811046      
55          -37598.219473846832      
50          -27391.39529630703       
49          -28098.239321122928      
46          -23520.186353398287      
40          -21802.445466585337      
41          -24662.850220320863      
38          -19959.67831212654       
37          -16512.391389260203      
29          -10324.939730627355      
31          -12973.991617354786      
36          -19347.868852357227      
50          -28015.539306011196      
46          -28488.680145361341      
42          -23760.12477566093       
39          -19885.349810928994      
36          -18329.063859499827      
45          -26492.399738390479      
37          -18016.753691244619      
51          -33601.188429052832      
49          -31009.996323905139      
46          -24170.762889776699      
46          -26288.172774485276      
32          -13881.438919814433      
28          -9747.8660261616715      
32          -11777.12484106784       
23          -6352.3303986921928      
17          -3021.0896126740749      
20          -5531.0110770787205      
19          -3213.7448715755395      
21          -5518.0741796753027      
21          -5478.2090014549331      
22          -4486.5346722938457      
25          -7888.2128953821757      
32          -15643.580848490799      
25          -10239.392722446595      
17          -6374.9160562094421      
22          -8690.1007193593341      
30          -12210.496372678828      
26          -8817.3120715810037      
30          -10915.597929036054      
35          -15609.556104161624      
20          -5384.7453910297409      
22          -9030.1495275147663      
25          -6977.1758613288948      
31          -11442.42523505061       
27          -5883.207123371024       
27          -8876.8825090826249      
23          -6270.6273034742353      
29          -12968.502630401468      
20          -8082.9142998641491      
32          -13612.58147767477       
25          -7612.7565799091008      
19          -4700.6259189039356      
17          -2540.7292311708238      
15          -4018.1301885934017      
17          -4664.2290246293496      
33          -14823.210696262431      
24          -9754.7371798812601      
25          -8602.9144615904097      
13          -3026.0820390369918      
24          -11476.40076826208       
29          -12578.607005707128      
34          -16239.060420797961      
43          -20267.206585933029      
40          -20688.195363646533      
38          -15782.49799117275       
37          -15949.085861000036      
38          -20281.215718300838      
57          -40933.319142055472      
49          -31941.137222243418      
51          -34455.232823018974      
43          -26148.638931602476      
50          -26298.30939823993       
46          -22349.451947008798      
29          -11378.973624510088      
21          -4951.6855401282592      
22          -3844.9757413740017      
13          -1616.6491717605973      
29          -8606.3872537249663      
36          -19689.980123890222      
45          -24288.301704775069      
39          -21986.279186459829      
47          -29796.199034819572      
47          -30416.929368784789      
47          -31183.186896633462      
63          -48436.470076552599      
66          -54368.685193761674      
66          -53800.934560017144      
65          -55648.419051422847      
65          -51097.348135924454      
66          -50452.710992033513      
70          -58462.750386082247      
67          -53132.798043689851      
66          -52333.073296492577      
70          -59086.113157161555      
61          -46328.218211528038      
48          -26063.812946692615      
44          -24794.633317810443      
39          -23236.368939218752      
41          -25355.785474557986      
32          -15478.712842967621      
33          -13074.959755573327      
26          -7911.3375456968861      
21          -5493.4987452615023      
17          -4164.4293706604203      
28          -7971.1174842117844      
28          -12222.984526555136      
38          -20248.112825947144      
44          -27634.970004181017      
30          -14342.222397870162      
33          -18027.8597360391        
40          -20798.180375276705      
26          -9184.9492798712017      
22          -6653.9952783468079      
36          -15041.355006451788      
42          -22023.534497118424      
48          -25974.322570898265      
39          -18643.631583167527      
18          -5724.0419090706882      
33          -12489.693645609583      
39          -17861.181777864047      
27          -9209.9706277264249      
35          -13823.908591020736      
25          -8782.5333238100538      
34          -14231.186923292838      
41          -18667.5310506305        
38          -17729.49880745976       
36          -19041.652084445763      
30          -10882.523802314048      
17          -4702.9834755850043      
30          -10489.618235776141      
33          -13965.696232600138      
19          -3154.5114100337087      
25          -5042.2014058620507      
29          -8869.9572143336736      
33          -14024.133114542086      
34          -17681.443122134875      
28          -11573.838585396939      
17          -4444.126359332653       
25          -7566.937832086749       
27          -8679.9636771250498      
19          -3877.9517047965132      
32          -12771.135827024165      
30          -9445.8047009846014      
42          -21309.145039058887      
32          -12564.530838181039      
29          -10641.872262095736      
30          -11133.129152337915      
27          -9772.8697795890221      
33          -13054.074869271455      
35          -14579.17248035187       
45          -22457.785938186033      
37          -20798.844608247633      
48          -29401.573370787512      
36          -20326.610473701679      
42          -24823.763016006353      
42          -23070.437484342685      
47          -25114.902133763957      
37          -18230.549001969423      
52          -35412.785982003625      
53          -36369.652842985481      
35          -15806.203706339276      
36          -16164.08980921181       
62          -44230.042537302834      
55          -35808.142008246141      
56          -37515.379984012223      
40          -23356.354222883081      
42          -24271.382623848651      
41          -24438.786762876887      
45          -23460.303446228347      
35          -15521.939850641349      
25          -7151.0178348842992      
31          -10715.758571773014      
33          -13055.959420575735      
38          -17763.050699953652      
46          -25238.907751949188      
41          -26696.909790782061      
31          -13555.181482008276      
31          -13860.863182518944      
39          -20594.881646891117      
26          -9159.1297320057438      
35          -14483.591992483798      
27          -9528.2814038419328      
28          -11007.659227656048      
37          -14211.694742596674      
32          -14202.254408108         
39          -20003.721499550738      
21          -6117.29073642612        
25          -9164.9121600765702      
21          -6557.17696697674        
29          -7963.5845894407521      
25          -10117.109759403438      
22          -5175.958498439064       
21          -4882.305292209242       
21          -5500.5612520989143      
29          -14108.908250793564      
31          -12189.18633783517       
39          -17963.79684233529       
47          -25551.595740883837      
50          -29981.543849381913      
42          -23658.50339614469       
40          -20599.054735751968      
36          -16470.747790279907      
38          -17017.884331967056      
30          -11606.488311523019      
35          -14611.751966232625      
23          -6866.414240710903       
26          -10223.140650485144      
20          -5482.3202808271208      
26          -9758.4299005925677      
36          -15120.226597984218      
51          -28311.89392210713       
36          -16946.87460690445       
33          -13327.290953498765      
44          -24197.431244619595      
41          -20156.393614900193      
44          -23717.953552112729      
57          -38618.088423740635      
55          -35889.44521691704       
50          -36081.129308316849      
49          -31557.674723710064      
57          -37722.878201703585      
57          -40236.82832179567       
63          -47336.08049630528       
56          -35647.095434401323      
47          -28058.226908866378      
48          -31513.996135622154      
48          -30208.474281811843      
48          -27144.85229968356       
53          -34129.464595725432      
48          -31151.790237640387      
51          -31848.306954903928      
44          -25583.725791791487      
43          -25898.39475129361       
54          -35401.169598230095      
42          -24611.32048052171       
28          -13269.542200889016      
26          -9518.6960435581041      
25          -9240.4253893017121      
21          -5213.6617534188208      
33          -13939.753182895915      
35          -18079.613218744253      
55          -40166.005123237177      
52          -36115.602300966406      
31          -18813.506326134859      
24          -8324.6596826786772      
19          -4801.5019952174007      
31          -13565.331370864293      
19          -4760.4047450721728      
44          -20503.400778079063      
37          -18379.789574788683      
38          -14837.143537110927      
39          -19580.586384569771      
21          -4204.2435512569427      
18          -4332.3791156987218      
16          -3450.449759994634       
18          -4669.0008499201067      
28          -8653.8043257903373      
29          -8780.5865878057975      
24          -9297.4286571871598      
28          -9155.0274756122271      
38          -15842.772021189961      
21          -7952.864761459884       
39          -19508.18990591474       
52          -33867.659856038954      
55          -42643.243456700606      
44          -25317.684834531898      
48          -27018.122021168834      
51          -35725.507605902239      
64          -50478.685494138917      
71          -57036.102774964551      
69          -53055.241361952685      
70          -55562.889835625974      
71          -60277.927796642507      
64          -50130.09655757263       
72          -63241.457066168936      
70          -55952.079595422969      
71          -60019.34312922426       
65          -55798.568915446951      
69          -59674.461533971349      
67          -55163.298980036816      
67          -55548.282875300552      
73          -65557.309514119042      
65          -50088.59605724291       
70          -61624.873860776635      
80          -80420.267193204549      
89          -92019.914991553189      
80          -79297.378113394225      
79          -78758.571329753875      
79          -76493.269320124615      
83          -86677.57773461446       
92          -103847.90811936672      
100         -120175.43043455953      
95          -112840.14278659615      
103         -128313.52122957948      
93          -114241.16888042785      
98          -120067.936192269        
106         -132135.13009369097      
98          -116772.26752615397      
103         -125770.67578657545      
100         -123635.78019815612      
97          -119874.12401013628      
99          -119834.90143524096      
96          -114610.85640201869      
92          -103926.03298097789      
89          -101429.46069246685      
97          -114107.51536453869      
96          -111761.96489008845      
86          -89963.482815206895      
82          -84203.55221491764       
77          -71464.989884499431      
81          -75003.511600244412      
89          -89867.64312824684       
90          -93706.307063648404      
90          -89912.92392032998       
94          -103386.15855922177      
88          -94591.975794159458      
89          -95049.353479261496      
94          -103150.89256349661      
91          -92410.117339542485      
86          -85507.10029804887       
76          -73078.39761818634       
80          -80409.087870691845      
85          -89081.474434814474      
81          -83617.040043627581      
89          -94330.843947212517      
93          -104782.40428924505      
86          -87378.98489706566       
90          -96896.682624543508      
89          -93797.697278301552      
82          -79185.698578341035      
70          -58958.193555931364      
66          -51279.747907472265      
65          -49935.044370296389      
67          -53650.781900144153      
79          -73893.110649720955      
74          -66959.292132207338      
82          -81260.692914509826      
92          -98759.702057887131      
94          -103332.87423532318      
84          -82223.255454639802      
86          -88447.095256031243      
81          -81218.673278506918      
91          -97475.339046711451      
102         -120192.14701669304      
99          -115943.88671058012      
101         -120458.46683466021      
87          -96884.99864197243       
94          -105219.12983709243      
93          -101513.04939741391      
95          -108847.07835827646      
95          -113495.32430096813      
94          -113634.73203727881      
102         -129129.13487730102      
97          -120609.94474725162      
98          -118402.04343125275      
96          -110764.7176004278       
107         -131432.07575656837      
100         -121636.91139678133      
95          -105770.82693492487      
105         -129852.98852116898      
106         -134484.07886493465      
102         -119982.80565702886      
100         -119783.1195572844       
97          -111151.06981635613      
92          -101474.38108581891      
100         -115273.58638539232      
95          -111642.68909380074      
89          -97818.087041938779      
93          -101145.03312338877      
100         -123402.16192741322      
108         -132141.16260492377      
106         -132838.80715485354      
108         -130934.39876721014      
104         -125908.18890193431      
104         -131592.00170027083      
103         -125883.08859373542      
105         -131225.91045973217      
104         -129956.15830664213      
95          -107386.71229850837      
99          -118937.76751076608      
89          -101912.88450960274      
99          -121423.81433249313      
93          -110259.04548602446      
90          -106446.43745164636      
94          -108147.41927532091      
92          -108386.52977002194      
96          -107898.58852419196      
101         -114971.61130190885      
99          -113798.74904740538      
90          -101654.42817415141      
92          -100953.2805499356       
91          -103056.60459855731      
96          -108518.69634538925      
102         -118117.65989596563      
95          -108262.53371377914      
88          -92329.617823061955      
90          -93839.783677333311      
84          -85312.642130594904      
86          -86361.143300577052      
89          -87562.521676408825      
80          -75410.644466240556      
77          -73696.812271951087      
86          -87648.479336869248      
97          -112463.33203203153      
91          -99416.452960528521      
94          -106087.66890980645      
94          -104838.9191364315       
89          -93258.311711622999      
97          -110574.02587984571      
103         -122108.67827777953      
111         -143268.17940301099      
107         -133223.99224866141      
99          -115253.85921159027      
98          -114945.22472654324      
89          -97179.516009209707      
85          -90581.929603831784      
90          -96984.289568861786      
95          -108470.57845971084      
99          -118681.41069925351      
92          -103607.57933029887      
102         -115940.45213654706      
101         -120093.21275530712      
91          -98211.994592275732      
99          -119891.13207012105      
102         -125469.71222502537      
108         -141130.27158379322      
110         -141365.33365014108      
106         -129659.44581795839      
94          -105181.35895028427      
96          -108151.67524378923      
95          -104281.8224242898       
92          -98024.62534305056       
80          -74704.146372451345      
79          -69159.143442905464      
73          -59596.527025659911      
80          -75048.373422165678      
85          -86414.145648801743      
98          -112943.29301220263      
98          -108199.34707823073      
93          -101290.93796187491      
90          -98524.106863659283      
90          -95304.974528955878      
89          -89337.460619313468      
92          -98453.430211774874      
88          -93281.08256395199       
83          -83440.258328342796      
81          -75311.168345502723      
79          -71525.165839493086      
71          -63816.725272047479      
65          -51077.607490724229      
74          -60728.526082157703      
68          -54927.98042961285       
53          -38858.667195451853      
47          -29537.080210818276      
42          -25841.308456321465      
43          -23003.41048523768       
27          -9599.9346584191062      
29          -11701.399600359033      
26          -9968.8376944480824      
31          -12441.552104112299      
27          -8398.1482682718888      
17          -3209.802262558906       
13          -1977.3524861408675      
10          -1343.7325617219537      
10          -829.13693207075119      
28          -9864.9355222246686      
19          -5490.6114378768161      
20          -4863.164416211509       
24          -5580.2561730689376      
18          -4069.8926423972152      
36          -14423.99460431598       
41          -23853.591887372888      
45          -24485.899180396846      
56          -39444.681488756687      
43          -19883.5755742357        
53          -31685.066905435819      
48          -28484.761449942187      
62          -45082.693008484195      
63          -51558.426373422044      
62          -51121.398709262903      
71          -59900.595651096737      
72          -62576.254791121813      
77          -75974.527491174085      
75          -69332.225672951608      
86          -87777.372908584104      
85          -87272.258179277691      
83          -85977.610509895239      
87          -90598.98410274004       
94          -103629.71561223091      
98          -115299.68104626192      
84          -89327.325276534728      
90          -95785.970856984655      
86          -88479.229778567067      
85          -90423.638963388497      
89          -95486.878355586901      
89          -96614.980843987112      
85          -89612.035137368395      
83          -83749.136681645745      
91          -96877.602772052545      
89          -93069.657822138761      
91          -96049.119698271694      
103         -121632.03991962702      
91          -97609.060862921629      
91          -96279.347365911948      
82          -82332.510887603537      
88          -95094.610863321766      
82          -76651.669870208862      
76          -68052.201455526549      
77          -69197.240967083722      
72          -63438.659022803819      
65          -51640.044639512817      
62          -48090.265907013825      
60          -46661.855965539362      
56          -43550.112894045044      
62          -46810.570011998672      
53          -37179.122090042612      
64          -50883.106275700135      
60          -44191.59585665437       
42          -21809.760673299177      
54          -38235.762077377163      
40          -25492.810616629988      
43          -21997.620504182898      
47          -26677.483931823965      
53          -34258.393148153169      
53          -35533.115149922487      
57          -39748.238759345884      
51          -31940.176556761311      
56          -39810.450680868744      
54          -36611.3206400009        
48          -26765.019754168603      
46          -26351.533154961122      
54          -37447.74112128136       
60          -41843.840851609508      
58          -40065.668918685064      
59          -48985.095881174471      
60          -43143.127438002492      
57          -39893.451857759159      
65          -50856.539109641213      
54          -33638.388004822205      
59          -39490.235814050313      
48          -28888.30462719133       
58          -38810.932082808184      
59          -38016.132243137057      
52          -32782.796103818568      
55          -36634.172612126647      
59          -40886.50366613629       
47          -29434.184089812585      
44          -21670.270756140824      
44          -20029.015914722768      
43          -20269.899189571581      
43          -21356.61459182137       
40          -22929.906234339149      
31          -11926.947189654884      
26          -10758.956504704003      
24          -6763.9370947795323      
22          -7739.8312299524923      
21          -6896.0774736376907      
28          -8376.5319408197956      
27          -8709.7103242368994      
53          -33287.27862242081       
52          -33025.752920597079      
52          -30416.51991120923       
38          -16966.620462749117      
38          -17775.791699404792      
37          -17438.343418861274      
38          -19144.675761932362      
27          -10586.591815691785      
29          -10718.132270983271      
34          -18694.032709321109      
27          -9767.2688647102077      
20          -4780.3508768795191      
28          -10368.332308499486      
27          -8060.1477339517187      
24          -6912.2202584521146      
23          -5831.4656360353547      
27          -6431.0984737519429      
28          -7847.9617400708194      
32          -13847.039450039552      
33          -13147.996074536026      
30          -9814.2837154002664      
31          -11951.642481608742      
22          -7735.3128986210049      
17          -2387.8517352532335      
26          -6874.8982139241571      
36          -16679.360696638581      
37          -17934.05563534778       
44          -19260.874537891541      
46          -25078.921421914652      
54          -33520.941596422381      
49          -29829.507393013017      
45          -24735.256245553894      
37          -20198.217103054234      
37          -15163.573216154095      
29          -10033.124164867859      
20          -3540.2309778501826      
20          -4842.718651723133       
29          -9176.9828699903428      
35          -14613.206209823476      
39          -18557.182647397345      
48          -25704.439509714284      
40          -19797.446877694012      
37          -17534.852014761625      
48          -30525.63868330227       
53          -33526.647839308454      
45          -29460.595755025584      
45          -28276.977628042107      
43          -23450.338814195038      
34          -17552.617377579685      
39          -21094.661926611057      
40          -20743.108842854559      
47          -23660.759037325639      
36          -12489.93601452292       
23          -5518.5287798040727      
18          -6530.2200502959731      
34          -14402.641064765132      
35          -15196.507493364012      
44          -25680.075128250934      
36          -15785.796303289824      
23          -6791.6627608508934      
17          -3751.6240212095549      
22          -5277.3551921912549      
27          -9464.6443031418148      
27          -10698.602044630476      
22          -6150.1132660579915      
28          -11300.687519571922      
29          -14398.894324245273      
45          -27919.494010635175      
43          -23389.117579091566      
44          -25675.658307897498      
37          -18187.724906566444      
33          -10900.104232077911      
46          -24458.787484368899      
50          -27560.563001080154      
49          -24931.902234967918      
56          -37537.680250323559      
58          -42208.265861532207      
65          -47286.055133321264      
68          -55503.108010559612      
59          -45341.167566253323      
59          -41587.444837414776      
49          -30930.105238957432      
51          -32210.976691682503      
58          -44428.703092675314      
65          -54826.677778618425      
75          -68320.878546237567      
75          -71289.622409169882      
78          -68625.672342777907      
56          -41382.020313372115      
57          -42775.842180756605      
58          -39277.436335881313      
71          -56719.392632871008      
75          -68738.714157155089      
82          -84853.47776597293       
82          -82850.114401044324      
83          -82633.568732678483      
93          -99218.97686727198       
87          -86796.508748142121      
81          -75701.199353124524      
91          -96875.279484834027      
87          -88495.68316471095       
99          -114090.69266874202      
99          -114144.17131331789      
97          -109865.45762771214      
100         -118492.28072972807      
103         -124611.73732197074      
105         -126599.32235461465      
111         -142838.88221800161      
105         -129147.93070800765      
109         -139808.34870466418      
110         -139614.1822607748       
111         -142760.47001506251      
96          -106800.6082020498       
96          -108569.07004293364      
101         -120253.91027935786      
98          -116275.12614846675      
97          -111472.02514357984      
104         -122914.14056765873      
93          -101913.60039810678      
94          -103428.92563198514      
76          -76092.624623585565      
76          -72511.385969760682      
83          -80190.641517623269      
85          -87059.302157673272      
77          -73433.264336978871      
90          -96459.777313510654      
91          -98337.978511219961      
100         -113336.28309650838      
93          -104735.36358851276      
100         -119396.57361608418      
94          -107496.97943589467      
92          -93336.898158133117      
89          -89734.429846084298      
88          -91331.671774411559      
82          -81658.555613713019      
76          -73594.127754539411      
79          -79646.938587732438      
81          -77882.923774391194      
85          -86132.862105450607      
86          -85996.991874647894      
96          -105832.99557532434      
102         -118087.23316910361      
93          -105037.24072962701      
95          -108592.90960761852      
94          -108349.79014101399      
95          -106140.83781769007      
87          -92352.184055778896      
82          -81858.048654678641      
97          -112995.38881400866      
81          -81613.218064490138      
89          -96050.199193899243      
92          -99078.26652735789       
93          -99791.486691087193      
85          -87630.045596605283      
86          -89277.234974145875      
91          -98132.635338921333      
87          -90207.441530318669      
92          -101230.4599122108       
92          -101350.45239964373      
93          -101520.7438730413       
91          -93831.729259625907      
86          -83836.098100941541      
86          -90083.160968384807      
99          -116746.6094445842       
100         -115551.30904534238      
100         -114751.98847400885      
97          -102733.81500600418      
101         -122600.58758330833      
102         -126821.17432972556      
102         -125423.47386161886      
102         -125057.74322878588      
102         -126124.52071161757      
96          -112235.31881442998      
93          -109742.82202423229      
86          -97446.954697660927      
94          -108152.10244901493      
95          -109854.44711942488      
91          -99877.99052358781       
99          -113462.73861336103      
101         -116861.74968993869      
96          -104971.91763937619      
90          -99826.279860807073      
94          -102825.17251504856      
84          -81769.441367751802      
89          -91824.634260005856      
93          -98411.631583470851      
79          -71100.846456273532      
83          -78994.073439156113      
92          -94965.348154932552      
92          -100268.71329497342      
88          -93175.523939199236      
76          -70678.693073839764      
82          -87860.105279307929      
90          -97279.345114264128      
88          -90310.553040042418      
87          -90416.244673763635      
75          -68080.663110713125      
78          -70002.163145572646      
68          -50614.163175766633      
71          -57808.951190680316      
70          -62297.969892602603      
77          -67431.193382825601      
65          -53813.882644432335      
58          -48825.638544500951      
65          -52671.941586273126      
66          -53956.546715157856      
79          -69003.651326917767      
70          -59063.652941705281      
70          -56679.410367056567      
72          -61144.53208097953       
68          -59441.025692042997      
64          -46545.638684577745      
66          -52061.165929630544      
58          -41483.764124761161      
63          -49026.641494984033      
59          -43518.439264026449      
45          -26228.065263149008      
46          -29737.897592575348      
35          -16678.433437595704      
33          -15327.846293981467      
39          -20427.471925699701      
50          -30577.046304749383      
57          -37578.26187690506       
72          -62738.320737537251      
65          -50644.889696358732      
50          -29750.145342229604      
29          -10398.397587748334      
23          -10023.310993026946      
38          -15816.621567050215      
33          -13736.240014363579      
37          -18016.120555753747      
47          -27864.763127746577      
43          -22855.865957286569      
40          -17630.618758082084      
44          -26613.722723166116      
49          -33600.423654651109      
63          -49719.851223991995      
60          -43817.996032056908      
67          -54672.100754556915      
65          -52046.23925180699       
69          -62062.348818267048      
76          -67210.659901933235      
78          -74074.244410500687      
69          -59726.344952136744      
74          -66668.336916683023      
65          -48913.488434305145      
82          -74793.319708903291      
69          -57985.91480615778       
59          -47033.838431061435      
64          -50363.599243660567      
62          -45809.017168637132      
76          -63668.880237593548      
81          -79594.635777658928      
80          -80528.240334948772      
73          -64664.820747253929      
75          -64942.058810903342      
75          -66839.01191752567       
87          -86210.685194440521      
69          -59431.255976675813      
59          -47136.724185829793      
50          -37441.629803314943      
50          -29694.818668014126      
52          -35528.883265260796      
53          -34325.694513075992      
43          -28198.058969725898      
41          -24711.241619702581      
49          -28069.953268855257      
43          -20196.557689759185      
43          -23951.078079733779      
53          -33931.918924877136      
45          -23592.471771648805      
40          -18528.209030668542      
31          -13216.279465215552      
28          -10052.332727246066      
11          -1922.4696080781728      
20          -4486.5480894352668      
22          -5528.3116397703307      
25          -9938.3843667848087      
30          -11564.169523347267      
27          -9629.8201655335142      
29          -8685.4641493019553      
28          -10176.389522384688      
25          -7429.6728847990234      
31          -12988.281765531457      
27          -8545.5522766037684      
32          -13202.258497721303      
35          -17170.771624001223      
40          -16909.911987483643      
49          -28521.832955288191      
48          -26545.743905265994      
47          -23982.975972656957      
34          -15547.118287656001      
36          -15892.091313725572      
38          -18152.840294104804      
31          -15158.842293885029      
27          -9914.4023727213007      
31          -11975.075183172403      
31          -15537.540828599322      
37          -18199.0222041587        
47          -28383.154827518629      
48          -28919.910095426399      
56          -35515.275550334176      
49          -28556.440859096208      
60          -41418.701590008088      
56          -34683.883988542824      
42          -23281.552169811821      
38          -19440.38053722744       
44          -27778.105466497156      
37          -19213.459018280224      
42          -21225.91774726957       
35          -14221.214937213823      
38          -22151.868073270864      
39          -22407.89047466838       
47          -24453.708762117618      
43          -27107.384383831868      
28          -13756.409289592568      
31          -12607.31776598947       
31          -11773.73426327328       
20          -3348.082446482264       
31          -8785.400002319584       
26          -7654.1324960648808      
22          -5809.3779531658793      
20          -4841.3151403105949      
20          -4875.7900925628755      
34          -15604.945313737222      
26          -10564.631518321032      
36          -19025.340930978655      
38          -19616.703940287953      
38          -19073.336619933871      
50          -28740.099695492252      
69          -57298.0577956997        
64          -50145.387189476431      
63          -45819.59712248954       
73          -61462.496053197217      
62          -49616.039632286534      
62          -47285.952734444334      
55          -36383.356849165772      
59          -43523.480608588812      
58          -44031.200206573681      
64          -50108.5436460946        
74          -66108.403453964725      
68          -56892.462872024698      
62          -46171.041299053104      
54          -36271.254472528046      
28          -9038.1091848754531      
26          -7479.8595493935281      
28          -10603.999307057253      
52          -30973.85716675402       
43          -22162.406814940394      
40          -16849.038423376503      
37          -17589.561595237352      
35          -17183.858678299544      
33          -14022.012648800572      
18          -3759.600490303344       
22          -6186.7650881872996      
8           -461.64026188836863      
17          -3310.6821996223475      
14          -2528.9348399383607      
19          -3095.5411799147423      
20          -5844.6414819258753      
21          -7170.6770525387328      
20          -5776.7266560921043      
28          -9224.5886552246775      
31          -15837.275921074537      
25          -9192.8575066976009      
24          -6544.6963661820955      
22          -6391.9610600343349      
20          -5461.0548450312945      
19          -3644.5485694450754      
23          -5927.0334471375872      
26          -8828.3665394599193      
33          -15694.536765591707      
44          -24978.659855401525      
59          -40220.682286099443      
53          -35483.947938195401      
63          -46056.175320898648      
74          -64315.378012914865      
68          -49167.56782154322       
60          -41383.668708213212      
60          -44788.874580042495      
55          -37997.538754451765      
61          -46410.81367405659       
61          -46429.565328733705      
66          -47517.013304029497      
69          -54164.188394669101      
63          -45575.825745818744      
66          -53782.724838313654      
54          -34295.466818807581      
56          -42633.400092749347      
68          -58253.253936157176      
64          -50522.847221300864      
69          -57844.590745904105      
73          -60545.755368097096      
58          -38663.438966453905      
70          -57527.330912120131      
63          -45945.953857708933      
79          -71760.336344274212      
84          -77752.596850128699      
83          -76340.606894942306      
82          -77471.765918539633      
86          -83870.081979872586      
88          -89485.389448527698      
79          -75179.786225671647      
94          -105749.65896693044      
96          -109036.36297914309      
94          -103200.69648027788      
86          -85124.277842036274      
98          -109259.6014149705       
98          -112289.34059377041      
91          -93014.738723521194      
95          -105464.81766265167      
99          -114493.08296329221      
94          -103913.19137470349      
89          -93745.522066361111      
72          -59151.335737773254      
72          -61173.411667998625      
73          -63460.483482490759      
74          -61650.033996350423      
71          -65188.183049611303      
72          -67277.831859754602      
74          -69704.942545787329      
77          -69016.085708546918      
90          -94641.452569992063      
86          -87619.674478625151      
85          -85120.755628908228      
88          -89176.093341714091      
89          -93550.679551781795      
86          -84672.641297812341      
92          -97431.662513357951      
87          -88027.439416012057      
93          -99852.161646856606      
95          -106320.68146294307      
89          -95694.082252534165      
98          -111519.32433598557      
97          -106693.1115477928       
96          -102547.45600658718      
82          -82035.263346625405      
95          -108247.87917946519      
88          -96594.842196722311      
87          -87586.446874879912      
83          -77980.196290611057      
67          -53507.117081526616      
67          -47361.859451907556      
74          -61574.567988600422      
60          -44649.49853363385       
52          -34220.478402108085      
51          -30880.864346985192      
58          -38395.259611840076      
64          -48905.514066932505      
58          -41251.682246269382      
56          -39835.936664354187      
31          -16827.451348189643      
34          -18073.797970804815      
48          -30261.709526857623      
40          -19935.74396991578       
36          -17160.595066333415      
27          -11074.618669236845      
35          -17002.574070898838      
24          -8978.0672694924833      
24          -9559.9538341355619      
39          -18510.328625146012      
36          -16859.991995055741      
23          -7015.120221117927       
39          -18300.312821887346      
52          -32043.272491400003      
40          -21622.175886579163      
46          -27714.05157158841       
60          -39454.22524257574       
69          -56925.249846316925      
69          -58895.167222727505      
83          -80786.713923758565      
83          -77568.510980967403      
86          -88418.889877944282      
95          -102317.39661914814      
87          -89712.25332481091       
90          -92661.593690437076      
76          -67297.688157002252      
78          -72917.287153678422      
70          -61518.754620503205      
74          -61569.222336400097      
60          -42310.506468675136      
46          -23801.221760316272      
44          -25806.037537227156      
57          -39468.251780048296      
66          -51431.044431370603      
75          -61842.485792737571      
74          -56935.105941675851      
83          -78030.906073951788      
83          -81716.561950792093      
78          -76560.869550792922      
78          -76355.49175107872       
79          -74760.333468541154      
81          -78686.142412906702      
81          -79182.522923927216      
87          -89715.322529674871      
86          -89304.89557426986       
84          -83222.549588008435      
78          -74888.682604430491      
73          -64681.875623135464      
66          -59443.233611241107      
61          -53676.982274869319      
73          -70307.803750331601      
80          -75921.255762646586      
78          -72878.806177936116      
75          -67436.868959464395      
68          -59563.632853859861      
75          -71253.369042562568      
87          -89516.87684283065       
82          -79234.871810152647      
66          -51815.425046918448      
71          -57086.624693288672      
76          -64683.997538467054      
82          -81164.655903012623      
83          -79479.93175124882       
71          -60263.726836853595      
75          -71098.41865045522       
62          -50290.11589286739       
62          -46513.952305491381      
60          -44176.614510084954      
69          -50525.111507357542      
58          -39584.694012064079      
56          -41115.356346751061      
63          -48210.141429530267      
75          -61430.632965766934      
87          -85695.450230065151      
86          -83757.537945222692      
91          -93540.488616086208      
94          -102165.57752349028      
91          -96408.25373408373       
79          -76022.315073003716      
71          -63378.307872116377      
71          -65832.285052120249      
72          -60868.926808482502      
66          -52054.197064246415      
64          -47497.265221453999      
60          -47990.51770470474       
63          -49298.533897726353      
53          -37958.102292225536      
47          -26488.688245912006      
45          -23805.678970768109      
42          -24543.025885575902      
44          -24710.262560479696      
43          -22917.441400687323      
59          -42035.908655126499      
55          -37056.469876694049      
59          -41718.604016892343      
67          -55757.327777922619      
68          -56770.34890294604       
56          -41157.895067950827      
42          -25309.282909844354      
44          -24948.095742062673      
31          -14478.003436598485      
35          -14727.494247375482      
37          -19916.73232196179       
48          -31634.291781843305      
54          -32749.578851743237      
56          -37768.009202828172      
51          -31616.098871504484      
47          -24389.800834493752      
47          -23370.567844741148      
52          -33021.88988631987       
41          -21694.716949235259      
39          -19271.529236804487      
25          -11639.275830341598      
28          -10411.999025431505      
26          -7499.3993338784048      
23          -7648.9969607383118      
24          -5125.9592504434731      
25          -6858.6398734927825      
29          -11829.606024674655      
38          -16469.731970061086      
28          -8718.9219980880298      
34          -15608.901154502968      
39          -18165.273040030206      
53          -35637.929697291918      
57          -39356.655723803298      
49          -34432.72254190674       
36          -17440.93045144136       
19          -6609.723041820107       
34          -14982.077783198289      
33          -14131.557148599244      
28          -7541.1821066374814      
22          -6327.2669507970586      
25          -9554.2415904731242      
23          -7011.8245555644435      
31          -13217.086146554802      
46          -25093.585868483558      
43          -21417.187734078583      
41          -18144.828685543129      
41          -22382.19226576214       
33          -12758.168634617014      
38          -17074.657170468592      
35          -11344.014085984345      
28          -10980.631257245901      
28          -9216.6285535636616      
18          -3816.3260810265338      
23          -6833.0985874854414      
15          -3541.9980177716534      
19          -5884.21239156092        
17          -3893.2739612848241      
14          -4056.0412409496371      
39          -17889.902394003246      
37          -17199.071357624314      
40          -19104.819228397129      
38          -17897.006031990597      
49          -31091.1232945675        
47          -30445.802894702552      
45          -26782.374287720268      
57          -41772.068673116599      
64          -50951.215525071144      
68          -55536.674434132154      
75          -63168.421410356823      
63          -49843.889968668343      
66          -57136.126363019459      
75          -69194.017333684358      
79          -78517.251246153537      
67          -60761.227286476053      
75          -70801.657202482369      
77          -71103.125335224147      
72          -59728.605439980303      
65          -49006.639910066995      
58          -38946.785811878312      
63          -48831.651682691481      
65          -50057.59319897768       
59          -43951.971863065453      
58          -38465.549551370925      
42          -23335.459027794168      
47          -29978.446804174306      
40          -21584.967641776442      
45          -21567.276012912516      
43          -23262.990602108963      
28          -9545.891103950029       
32          -13815.833901976888      
24          -9837.272042641358       
34          -15008.410050847553      
33          -16092.200482495396      
32          -15198.396605424203      
39          -18572.112373263288      
35          -14950.296707840311      
35          -17218.470340888623      
39          -19674.598750592162      
35          -19688.962777159861      
37          -19690.953788164272      
45          -29191.757133922536      
32          -12128.560174624443      
24          -7103.0410508668656      
13          -3394.1133330158696      
22          -5567.6562332230533      
16          -3409.670452209923       
20          -4697.0678712942781      
19          -5475.1515013176504      
15          -3449.0916869496109      
29          -11321.933139395813      
31          -13881.553847357289      
40          -21523.010542040614      
30          -12280.310536026867      
34          -13119.926321284202      
30          -13447.192431625723      
42          -23711.887215852825      
36          -17426.44543861019       
35          -14216.973422926523      
36          -13204.974182613749      
25          -8349.3879587161118      
37          -17624.053012962977      
29          -10769.817799436889      
21          -5375.3049785914727      
24          -6407.2573335468041      
32          -12309.325335296895      
31          -11050.666718134231      
30          -9922.39424120902        
26          -12199.903943204845      
30          -11413.756963331649      
27          -8367.0677366384825      
30          -9642.122123995965       
32          -12728.245417204047      
41          -20820.483916692887      
34          -16790.800019084385      
30          -12534.341764655641      
32          -13207.570120379743      
23          -6362.7211606700712      
33          -12644.168545333125      
35          -16749.746743726799      
36          -17482.086294008612      
32          -11216.371466024242      
27          -8284.4349714926775      
43          -22237.886598573416      
57          -37842.19844922061       
67          -53498.690949310017      
61          -44291.539687859258      
49          -30475.676144808658      
30          -10343.872121686645      
38          -16272.790354783321      
26          -11400.973227908629      
34          -12395.792549607577      
20          -5084.7609075900391      
22          -6763.3760731253769      
17          -5099.9697511055492      
32          -13311.630936627886      
33          -16377.893311494608      
26          -8386.2869432158986      
31          -11678.445299674106      
52          -29183.956276714845      
61          -45371.697100327372      
57          -35724.869635772353      
54          -34147.874541984151      
41          -20706.62482381603       
48          -28067.127667654408      
48          -25819.240770450248      
36          -17388.012280451974      
41          -23463.832592124854      
61          -41869.517116806339      
49          -32366.954376594629      
40          -24435.004872007496      
44          -25138.201441593126      
29          -14642.123827608582      
33          -14656.644525734595      
38          -19687.630763518915      
31          -12391.134451828178      
37          -21049.021495187189      
38          -20548.913289935484      
32          -10869.585131427832      
35          -17718.716554510604      
45          -25439.260447773653      
36          -15487.342888214036      
30          -9872.3273819684473      
46          -25442.469723433187      
25          -8205.5366509062587      
15          -3774.2443069453107      
18          -6271.218119470057       
28          -9039.5569911017956      
34          -10859.445246065872      
27          -10817.96790092576       
33          -12726.449878458574      
31          -11928.648860083196      
23          -6902.4217960732522      
20          -5599.4090887173197      
20          -4593.9497606151217      
26          -7779.4720648969578      
29          -10347.539987250671      
31          -12171.515373214454      
41          -23745.513458643243      
39          -19212.632143546871      
27          -10804.254026944753      
31          -14693.566597697049      
35          -16368.839892990825      
36          -18495.88405803627       
38          -19856.141848098821      
46          -31221.968887986062      
53          -37660.003173289202      
60          -42717.842315744769      
67          -50360.017115824528      
64          -46331.998643983236      
71          -61135.948881318727      
66          -51843.926956779411      
53          -33614.87118302811       
62          -44093.262274599008      
71          -56246.464085824882      
57          -38849.270154291407      
56          -40551.661395848882      
46          -30474.083092450717      
55          -41379.23963644469       
49          -31868.437613047481      
46          -25601.602711325519      
57          -41417.710032745432      
59          -43393.443589550901      
57          -39332.902865845099      
43          -20228.025228933038      
44          -24141.036122460515      
48          -25449.600865471788      
45          -25981.466263208644      
43          -23101.693561678279      
38          -20766.424433081822      
31          -13743.309549255955      
30          -10507.103818083904      
42          -20106.650099088998      
46          -27041.7614595942        
38          -18065.902459821362      
35          -17845.220933443259      
44          -24319.719696231823      
35          -14366.613945441544      
32          -14315.329924205114      
35          -17201.20796957134       
35          -15108.041941582671      
27          -7308.8165472989895      
22          -5595.2890481681725      
19          -5166.7110693072882      
28          -10092.548912719765      
28          -9565.7069569018568      
49          -27112.572264389659      
47          -26116.084409295483      
58          -36259.758333482343      
51          -29002.685346817943      
50          -29948.627165998143      
49          -33228.926502858056      
39          -20641.110485117941      
24          -6946.0397892724441      
28          -8159.8838221191563      
22          -6373.3777888157838      
15          -2621.931228625368       
17          -4434.3579491987339      
21          -4094.8775960096614      
18          -4159.6861573055739      
29          -9080.3652006907487      
34          -14795.453804543184      
29          -11972.451781208651      
29          -13998.73408990329       
31          -14147.438971034508      
21          -6793.0876829904028      
18          -4005.2380242621566      
21          -6706.8583263753926      
30          -10750.281831862923      
23          -5722.0832183623224      
31          -12653.553229541467      
33          -11371.138514291171      
37          -15758.530564139317      
31          -13795.863221095649      
32          -14860.147615789072      
45          -25622.235322556175      
38          -20265.533075054249      
37          -16801.732198480615      
39          -19477.130685118096      
40          -23916.119047754833      
41          -23540.360612747725      
35          -15467.70198226401       
48          -29479.56842538323       
41          -21018.425287451828      
40          -21802.737740703255      
28          -9269.7815898561385      
30          -12841.661226112161      
22          -7927.5779419727805      
32          -11941.362881770267      
30          -13499.432838895022      
30          -12685.660307220707      
30          -10192.480041060633      
31          -14788.680595643782      
48          -33197.153631649315      
49          -31334.834128934261      
46          -31466.261609886809      
52          -33057.645407823089      
48          -30728.916357885457      
49          -34142.759926249491      
59          -41772.061997275669      
55          -41076.165175303824      
54          -39269.066823898         
57          -44903.421046090501      
48          -32511.047931458274      
49          -34787.912835873612      
59          -45948.446041504023      
61          -44077.900347677816      
70          -61047.799615898912      
66          -53915.182062926579      
67          -57865.203585007454      
63          -48402.789350467872      
59          -44461.428401540739      
51          -30780.121470554597      
59          -46019.376297045688      
64          -56644.289315153204      
71          -59170.161215905733      
58          -39838.891329583974      
50          -33646.145137489977      
39          -20461.381738786855      
33          -11918.416804827757      
33          -13929.287386992211      
33          -17198.2892666853        
30          -13300.914738421643      
23          -7052.7146389927393      
23          -6486.4389949692913      
31          -10747.379809169281      
22          -6860.3091983431459      
20          -4184.7894760882391      
25          -8544.7275529703529      
13          -1264.5671467224906      
20          -7053.1353481214719      
20          -5322.2844447069765      
25          -7734.3894427455325      
34          -15883.922761411655      
30          -11109.385857554646      
37          -15837.890156204978      
30          -11106.831630251507      
26          -10108.698950477876      
25          -8364.2064141044521      
15          -3235.0593951801948      
30          -15150.52838278777       
40          -19660.22941466741       
36          -13571.587284205525      
40          -20019.132545923101      
23          -5710.8866274978755      
29          -9170.9577892274428      
47          -25589.134074047346      
39          -19195.452284912295      
22          -7011.8843377972362      
17          -4850.2830543076598      
18          -2468.352671269432       
26          -11092.632269487944      
40          -26058.846978457092      
49          -31499.613268534769      
46          -30722.533089632256      
52          -33637.183338693969      
52          -34767.172937234747      
53          -36973.004282844551      
35          -15417.650581471271      
34          -12172.385016222392      
35          -14967.326081779034      
43          -22596.559892534373      
37          -17477.767713962752      
38          -18157.571701392546      
25          -9114.8036353982043      
44          -21058.273374002452      
59          -44263.226489119734      
63          -47708.325167401599      
70          -58922.106127573556      
76          -67897.218784704717      
81          -72477.059875493665      
89          -84561.3939615532        
83          -79626.684455796014      
76          -67747.665381066312      
77          -66128.807613411409      
75          -61983.17606209877       
74          -61247.398486490478      
71          -65807.063450585018      
70          -56889.874139991924      
66          -51568.182198652888      
68          -53990.45234105557       
73          -64949.321493582334      
71          -65418.103471960632      
82          -79242.881213689863      
78          -68368.136852660391      
89          -86671.459019449816      
79          -71494.338825860017      
59          -45304.1248052472        
65          -49176.467483363478      
68          -57809.545850879134      
58          -47631.676610496412      
70          -63953.092547979992      
70          -61455.356301085631      
94          -99736.188504748396      
88          -96486.563066992821      
89          -91137.421350447301      
81          -77546.005620434284      
66          -51083.317174432639      
67          -53743.588080605223      
67          -52725.819687240401      
59          -41521.688569588114      
72          -61438.055606313821      
68          -56122.725156609478      
70          -63070.127764200923      
71          -64881.369317185308      
64          -56663.204233355777      
69          -58788.191561519561      
71          -62469.255664829048      
74          -63710.482471129668      
79          -71260.775002965587      
85          -81482.314156075474      
74          -66856.256039486034      
70          -55935.146008205709      
69          -57231.258976563164      
62          -52998.760283608906      
74          -61261.01522283932       
77          -68284.976333619008      
80          -72787.701744520877      
77          -72960.882184253671      
76          -72204.39684562679       
78          -67843.554144259993      
67          -53549.658961932415      
66          -57354.146043430235      
52          -35588.193770102203      
52          -34614.647570872454      
54          -40113.311193022862      
59          -42935.621169030121      
57          -40559.159330354043      
40          -22764.464130035747      
42          -24418.710580812476      
63          -44891.380942897733      
65          -51516.002587952316      
61          -47143.594706286218      
56          -36675.875441581862      
62          -44313.348352258196      
51          -31286.441857132566      
54          -35877.554875056092      
45          -29621.872331716084      
54          -40520.619782732916      
56          -41603.338937573128      
78          -69891.651409180224      
75          -70878.639155294339      
65          -53074.753273348484      
76          -72782.907878437967      
80          -81770.798940657551      
80          -78533.293218392006      
88          -92279.081861441169      
84          -81047.734268448839      
90          -98913.471536837344      
96          -111115.98314626867      
100         -119207.85316235079      
96          -108518.1582127187       
95          -108233.90306847822      
90          -95477.480517892865      
86          -88342.827791218602      
86          -88630.502473895831      
84          -85052.723135529421      
95          -106448.98936100666      
88          -93399.912740204978      
78          -74782.065539643489      
82          -78651.309100459926      
82          -78188.196291238768      
85          -81233.971690374776      
82          -75395.847664469766      
74          -59863.32467984625       
66          -55021.967491476986      
61          -45545.170070868509      
46          -28324.751200876955      
54          -34676.452250720802      
44          -22990.655087394705      
49          -27696.348285027059      
49          -24508.494628549866      
52          -29150.899939638926      
59          -40992.888370574896      
55          -35227.868487469663      
47          -26489.125060689017      
44          -26044.972622742149      
46          -24613.004570187139      
41          -20135.938361247994      
33          -16216.378196017686      
45          -25650.471292407186      
64          -47380.338131576129      
61          -47075.21018887384       
62          -48774.974585099655      
63          -52223.664375951383      
56          -38439.397925115911      
64          -52121.081088767256      
62          -47723.153199054796      
68          -51507.205238924878      
74          -63924.240241673899      
79          -77280.71803055481       
86          -90607.150740271041      
81          -83171.189400307747      
86          -86937.720583716262      
87          -86320.282540190528      
88          -90880.877856091538      
86          -84135.015656941352      
83          -79923.96016181029       
83          -78646.204889878441      
83          -84876.673690417898      
85          -81591.529400790867      
95          -103430.81639315293      
95          -107184.55745372127      
99          -109695.21556387367      
91          -99294.52532604312       
99          -116508.00673019695      
106         -133462.3005813389       
108         -135671.41885367941      
104         -127749.26162185932      
110         -142440.89257489322      
111         -144105.14558029349      
110         -143016.00473792406      
107         -134955.54372959567      
97          -114242.97500132161      
94          -106675.04358102141      
95          -109868.29916657509      
97          -114987.72517626782      
95          -109837.75644971138      
98          -115357.32468302043      
84          -90609.585121436452      
84          -90874.503523494204      
91          -98887.120388050593      
94          -108999.2979150631       
98          -114368.37380053736      
87          -88251.984138400279      
93          -100811.11183884682      
96          -111571.21766326429      
101         -122247.51771705323      
103         -125053.00557538769      
103         -122282.5529043352       
106         -129675.85540551135      
93          -101652.82060254157      
88          -91943.363266395856      
84          -84216.462099831653      
85          -88257.8221316204        
91          -96165.006088865746      
99          -114450.04235221914      
87          -88026.926890372575      
92          -103368.94235320034      
104         -122681.83498457765      
100         -118912.38839542813      
108         -133449.38711079859      
110         -141537.62826762782      
100         -122019.32024179466      
107         -134792.08338694263      
108         -137967.34711159646      
104         -126396.59031595285      
101         -122380.23465886722      
91          -104116.10663462072      
96          -110145.39184914298      
94          -107155.29678003416      
91          -95764.301076419506      
89          -98803.03579114168       
92          -101352.31499267716      
95          -104880.90714464661      
100         -113903.12956709882      
84          -87075.233964367682      
83          -81019.163499243179      
77          -74571.478775397627      
59          -48133.471313654896      
58          -43947.686421810846      
61          -48642.284044221502      
56          -39341.024013756374      
43          -27649.42900382209       
31          -15332.574825467831      
33          -18626.509949369953      
30          -11758.136843768891      
30          -13821.467582454892      
36          -18183.838203608277      
36          -12997.513673869484      
34          -14342.221260903709      
32          -13310.577625086349      
25          -6824.9409079611814      
34          -15731.572611620099      
46          -24835.997231321133      
41          -17846.637376360319      
42          -20996.849307263714      
40          -20080.347722558061      
31          -15048.179490094692      
39          -17616.526672235774      
29          -10115.617577665958      
31          -10922.916913467136      
38          -15513.442610971371      
29          -8688.5228106544364      
27          -8065.7055660725928      
16          -2943.6377782507857      
19          -4515.1462571108941      
25          -8013.1951309115284      
37          -18313.330415027896      
30          -10370.874792334373      
34          -14550.670313237229      
30          -12531.658691158747      
32          -11869.589427074658      
25          -8856.1503632947861      
23          -5603.0021158970449      
36          -12636.599218536359      
25          -9766.4148472323977      
35          -17557.334089092634      
31          -11273.40744648259       
32          -12277.857002042278      
33          -14101.679052655505      
33          -15964.761976377527      
40          -18783.550266869475      
33          -12286.152564103146      
25          -9315.2756778938674      
20          -2700.2050250133975      
13          -2806.9921582275606      
27          -8627.9381780819058      
20          -4395.6420102747834      
24          -4508.944274900351       
21          -6913.3482010053795      
28          -12008.714656458136      
21          -5114.9080091420183      
24          -5580.7811366480782      
30          -11587.322528514178      
25          -9292.7121707969254      
25          -6546.3118916706098      
19          -6127.5879800386092      
22          -7572.5005516167685      
41          -22268.118969086416      
33          -14165.414381995412      
27          -9088.3663778485716      
29          -9997.4892139302665      
32          -15817.478441030113      
40          -20431.037672589162      
36          -20125.117123572873      
34          -15717.972283951127      
32          -14141.4147965992        
27          -13068.794353606079      
33          -13659.658380300687      
37          -15960.745418789549      
49          -30033.459145622834      
40          -20317.275710806673      
31          -12508.686606796085      
39          -16656.105034615877      
28          -12376.1946905492        
41          -20007.736963430474      
36          -18021.270406630087      
43          -24131.591434633156      
55          -35434.277377030776      
57          -42309.843318260107      
67          -51698.179188320617      
78          -66927.516048594523      
67          -52839.255633996712      
62          -50872.902360655229      
70          -63118.767916712073      
73          -69493.022410512567      
76          -76146.649652310531      
67          -61137.767153038811      
74          -73429.055891032127      
82          -87662.124378989         
74          -61748.845565549789      
69          -58782.114745918028      
67          -54472.554397731052      
67          -52946.723134245469      
78          -71832.175538815965      
83          -75718.162746048853      
71          -61128.599241629527      
72          -62494.455499478252      
76          -66345.993582206487      
70          -61089.66510350263       
73          -67443.461630362202      
67          -50882.3969867739        
67          -52730.423372721387      
73          -62196.388925396648      
52          -34487.419251646563      
59          -37511.273952828618      
48          -27856.492577945653      
46          -25994.05716412083       
43          -24125.020721616856      
44          -27803.806571724985      
49          -30450.576474710269      
42          -23412.088462160162      
36          -14215.403261354279      
28          -11345.275928707493      
30          -13948.5925769272        
45          -22736.893610548817      
50          -29063.582195805477      
49          -28520.720062037373      
50          -32462.75525829833       
38          -17823.829845598328      
38          -19598.564239347132      
45          -29241.058171943165      
36          -16377.717066158348      
36          -12004.300656337564      
40          -20362.426042110037      
30          -12223.419076527074      
24          -5728.2894858033378      
17          -4932.8497895610553      
24          -8869.3172127836115      
26          -12994.699977169967      
31          -10596.559757688363      
41          -22844.817094111189      
38          -17901.577409012087      
23          -5114.2267283083702      
28          -11498.48911929562       
25          -7636.7950853217744      
33          -14299.324798228699      
24          -9823.2333122967339      
33          -14898.507061613745      
35          -15903.568208537563      
25          -9472.3479877633436      
26          -10819.28854889271       
24          -7055.7895273597824      
20          -5621.436800985517       
20          -6306.3494385159956      
28          -9743.3494180892794      
19          -5043.8302983197773      
17          -3672.8235276078121      
9           -497.77354720310689      
16          -2384.0528181677737      
27          -8956.345787594395       
32          -13040.81408775749       
22          -5005.4689813716559      
26          -8753.4894874221463      
16          -3015.8326054323256      
23          -5936.8179158736511      
23          -7416.9972213233814      
31          -11414.920499525211      
20          -8196.8178816374493      
26          -8555.159900229186       
25          -9698.4551226371368      
21          -5919.9351033448493      
24          -6744.120626728607       
32          -8707.1466920468101      
22          -6033.8613702808225      
26          -8276.961904787815       
31          -11462.289850911035      
30          -10205.617892294247      
38          -17185.275551723636      
43          -24945.522819623773      
42          -19612.422652622983      
47          -29498.533453548269      
57          -39189.457498714786      
48          -26354.331997669622      
34          -14128.2424253276        
31          -9776.7674113170106      
38          -17885.101113127836      
29          -11563.795897786513      
30          -13186.030828434348      
44          -26200.109605378599      
46          -27188.430673496445      
42          -23750.891472157917      
40          -17708.069909811744      
42          -20083.173342487822      
24          -10167.235738142721      
31          -12220.249867167329      
36          -15284.273936310956      
23          -7357.5292284882271      
27          -12177.030663547175      
33          -12558.522088558142      
28          -9171.6091990603963      
28          -10618.236314383554      
22          -5192.4320895912542      
26          -9276.0544761397432      
29          -9521.505805156854       
20          -5237.4932663709133      
22          -5818.0432820116412      
15          -2658.8826586748032      
23          -5524.7953359222956      
11          -1690.5540939587834      
21          -5855.0357990581751      
31          -9668.4767057537993      
32          -11794.486325893715      
28          -10252.874821850366      
16          -3163.3835468204775      
27          -7280.2154692693684      
15          -2699.8070604619566      
8           -2186.0037978059527      
25          -9492.7690410914183      
24          -7714.7987268327106      
31          -12246.106365285672      
42          -24245.692162148589      
51          -27563.691572720658      
65          -49283.678592329037      
60          -43598.97956335132       
52          -33478.593158351257      
60          -40572.104154550965      
61          -43368.563359549546      
68          -58182.499032369735      
71          -58838.887106080874      
58          -44098.501630037041      
64          -47944.911168229424      
56          -40530.278139399416      
58          -42508.170188462791      
59          -42069.142295798309      
51          -32325.168460372199      
56          -35165.797385002588      
43          -21365.772675793381      
38          -16961.353981714081      
39          -18923.116197170257      
36          -18115.013862852204      
21          -6418.2178981792285      
31          -14256.883758489879      
38          -19956.214386227683      
25          -9204.9500833428265      
38          -21558.779724002365      
44          -25559.695990305692      
32          -14080.085767040086      
44          -22575.699756644197      
34          -14500.914221649164      
27          -9715.491743516739       
17          -3489.2473444007351      
30          -11029.606303227365      
17          -3114.6256292596731      
22          -5321.6848015690393      
31          -11392.04714783539       
24          -8910.3942925248302      
34          -15772.843025376114      
37          -23482.575176081817      
38          -20670.284234843079      
57          -41121.453761853954      
52          -37050.304252936287      
54          -36961.662456211445      
47          -29723.363319984535      
32          -15933.080331202407      
26          -10606.047019753783      
31          -11981.630375326517      
35          -13241.96792278467       
30          -11220.539817842127      
29          -11275.454811375299      
47          -25274.578351888864      
46          -30584.72250113323       
44          -28445.776549328712      
51          -39199.75045743784       
55          -37835.067860340387      
39          -23026.366834183715      
32          -14451.094415028952      
28          -13912.158270192245      
33          -15046.210128774068      
31          -11862.569833460922      
24          -5563.5331688754923      
26          -8633.5127598724048      
26          -9186.745265714786       
36          -18085.26058249726       
37          -19115.561086236918      
31          -17099.828389872153      
39          -17419.204802226788      
38          -17756.328994884061      
39          -19055.049388777446      
35          -13958.388714929801      
35          -13424.891488975652      
15          -4387.411169227641       
22          -6252.0151024321176      
25          -8781.8704911943732      
23          -6610.6932589808557      
36          -16447.307032999819      
48          -27673.70086345786       
53          -34029.30097422457       
47          -26750.434941554755      
40          -21660.374056840657      
53          -34989.096711646605      
56          -37109.747291633757      
52          -33817.092903078781      
68          -56157.832573431151      
70          -65440.862842515424      
78          -73991.308500338782      
79          -79213.53471940459       
79          -75900.730839711032      
73          -65093.456760365028      
66          -50769.369528502539      
60          -42808.887453846684      
60          -46533.915291794889      
61          -46854.173347074699      
67          -52495.451892092191      
60          -44494.220886071031      
61          -46312.700575768213      
49          -30360.517312411816      
55          -36407.902761764242      
59          -39344.262813923779      
54          -33507.850802783709      
56          -38750.70031346356       
62          -45739.924397264491      
58          -40840.538797103975      
54          -32173.025653310258      
50          -29904.461145019628      
39          -21711.770065017408      
51          -28610.05607005968       
37          -18714.342792119187      
39          -19331.501986481071      
40          -22871.690786500261      
40          -21567.314213345933      
31          -12999.97823160078       
17          -4943.6708484541386      
12          -1798.2977113618526      
21          -4677.6862117905621      
19          -5019.5696007002934      
36          -13328.172349373957      
34          -16430.118735641296      
23          -6974.6427723816651      
31          -13266.096687548486      
37          -17651.549628238648      
31          -14768.032386380311      
36          -17202.73892521995       
29          -13067.973199761178      
34          -14056.620833457266      
31          -11308.724202816367      
31          -11685.691600956692      
33          -12478.547220271601      
38          -19161.985033445082      
39          -19495.884785009905      
37          -19687.136706726076      
31          -14319.972717863826      
39          -17340.069592015589      
41          -22665.434673382973      
44          -25952.265006521415      
53          -37621.473793587458      
42          -18746.99101404626       
41          -24142.118450056456      
55          -39262.885720036815      
52          -35828.424667450425      
61          -48917.711248924337      
66          -54785.739524176541      
74          -67379.563691005489      
73          -64972.969871965484      
78          -77615.304725421694      
79          -79375.421584914249      
81          -82615.411229266538      
82          -83148.847770906883      
86          -88458.28481050882       
79          -74214.894773526408      
85          -85738.633998027566      
82          -79393.634132185412      
75          -72164.2299551787        
74          -68961.802785557054      
72          -60835.169158123746      
68          -55193.414376917804      
53          -32181.520542588023      
53          -35746.223862269864      
55          -30439.512410305433      
60          -40166.767364053856      
54          -31668.993514311245      
46          -24060.621892801257      
45          -23311.109079622449      
36          -12551.208334367217      
36          -14668.776378266637      
39          -20870.577976075947      
41          -20529.598847089863      
41          -21321.322759327639      
33          -9986.3920484094597      
45          -27649.732533273134      
41          -25407.425956274576      
55          -41525.974868726029      
61          -48792.455775022638      
55          -43884.114253996915      
60          -45118.614226723868      
68          -53210.200098042107      
67          -52982.184198523784      
59          -41205.140931381466      
51          -33945.011942940277      
45          -28326.291195878162      
53          -34816.145627629638      
45          -25245.542147434342      
33          -12745.42253726162       
32          -14008.654139804132      
35          -13689.696629301327      
24          -8458.095299497616       
27          -12603.340003923906      
21          -5065.847516014851       
25          -7216.841475896561       
15          -4015.1457084480571      
26          -9827.3601989058006      
12          -2742.6903491957241      
23          -7625.463948429041       
35          -14876.857928723199      
34          -14768.1749651971        
34          -17004.852204255869      
40          -24604.558603342088      
52          -32190.164533660231      
53          -36524.037368015415      
56          -37651.292109805727      
42          -25253.87518816991       
40          -22160.37645100227       
40          -18751.402790692577      
41          -19474.992421948493      
48          -28892.698134006878      
61          -40758.26874617955       
48          -25993.220693643038      
40          -23586.563859472066      
45          -24031.806176272024      
41          -21218.205185746636      
47          -27612.500845341892      
44          -20747.917328071526      
30          -14129.973274454402      
28          -12811.754038689231      
38          -20512.443528197604      
28          -12264.869001242359      
27          -9183.9004943700056      
27          -9336.7488553675521      
34          -14818.527440418835      
39          -20311.03643744787       
40          -17660.913691867085      
48          -30328.729820675857      
50          -30377.28068662186       
57          -38837.109300022457      
55          -37562.91902905373       
45          -23960.573387653738      
45          -27813.921682378423      
47          -28476.833654025198      
34          -15953.511404127737      
25          -8367.6913995384311      
39          -22647.093393576451      
37          -17641.511666334449      
39          -22710.397164236525      
50          -30197.231176447542      
48          -27371.989326966392      
55          -33123.750429500571      
44          -24487.055818739093      
57          -41260.839969543616      
62          -47003.240165615891      
39          -19421.367298170258      
41          -18722.492953917266      
32          -11745.808141511312      
29          -11276.431793813979      
25          -8032.7079662128535      
20          -5174.966314137976       
30          -9459.7830018743098      
33          -13557.216440695538      
25          -8317.0103192528604      
28          -8620.6278255538127      
28          -10599.236144319422      
40          -21366.577579578305      
27          -8501.0571291714241      
31          -13508.792217483635      
30          -11983.894920105831      
26          -9634.4226474821371      
26          -7795.2490671121286      
27          -8488.834481971011       
30          -11996.89515589586       
30          -13503.487417664121      
29          -11043.515169739389      
31          -12777.513505383558      
25          -10930.43857340586       
28          -9912.3380460350927      
27          -9521.9091879551324      
24          -8313.2814369024054      
30          -13156.967364890124      
25          -6833.1323965459396      
29          -11628.32818707715       
19          -3838.9028998833774      
33          -14489.1238590055        
42          -25523.744445876579      
36          -16663.354547332925      
37          -17078.169103034044      
46          -22763.809789354917      
35          -13807.709673344874      
27          -7562.7633800252588      
25          -7526.45213469595        
33          -13115.377314337204      
39          -22589.408198712954      
38          -17717.022811490147      
38          -16792.657605241773      
30          -10904.310064420946      
41          -21793.560118672583      
42          -24076.829239880717      
36          -16802.142256819676      
44          -23659.23059471845       
55          -38218.504037011669      
48          -31829.97050468628       
55          -37893.036320203144      
43          -25244.041257559889      
43          -25049.26911840705       
35          -17332.928183175591      
38          -21163.389500126556      
35          -19154.454765525588      
36          -14411.153916787564      
32          -12154.929405218125      
33          -11918.386564792054      
37          -16918.182814131767      
35          -15212.872466168661      
43          -20101.879486922797      
32          -8993.4584557243852      
26          -6822.5238029011034      
18          -5926.599121488086       
24          -5129.8485052488941      
25          -8513.6593617010949      
31          -14531.514329408086      
29          -13575.987386121416      
25          -5721.4503151728941      
19          -4447.4218662681951      
22          -6966.1219759241931      
25          -9867.3511381009776      
26          -8065.0012328682114      
29          -10052.739544466905      
36          -17778.927806930875      
29          -11203.631273721954      
31          -13341.841724327005      
31          -9054.9032487353961      
30          -11136.952673419873      
44          -23987.665051895783      
44          -28460.215110913061      
35          -17608.551094318591      
36          -14082.022803334792      
34          -14022.172731675028      
31          -13640.664731611025      
28          -10333.561897940792      
31          -10945.711242698046      
36          -16632.350988499642      
23          -5728.0423834901694      
33          -12074.324621427182      
30          -12269.721454486658      
38          -20696.799669625278      
21          -7507.9202703087622      
22          -4625.7435870933896      
33          -13598.655062346645      
31          -13738.067015217064      
29          -14220.906359201468      
41          -23144.774858866309      
37          -17486.519551530684      
36          -17514.442452687068      
32          -11905.326583118573      
28          -9980.2338008038514      
27          -8209.6407751438292      
33          -11544.989766665683      
28          -9825.1993354855003      
33          -12513.707927998346      
26          -6918.5670516369937      
9           -306.27783338650215      
20          -5006.3766735574245      
18          -1988.1048344226501      
24          -5090.7890098674216      
14          -2004.831801478558       
21          -6489.4086807821805      
21          -7621.0828179969694      
37          -18434.554831917685      
32          -10831.717588013009      
33          -14310.82806075971       
36          -17156.504902192573      
17          -4854.0191890233027      
9           -804.45867392775494      
31          -10009.300067580578      
32          -14513.608190602945      
33          -14934.514685193602      
40          -23033.706943109421      
49          -25871.011377435756      
47          -27708.616278376841      
43          -22412.009088901603      
58          -38723.647903347723      
46          -26731.415364459524      
41          -17907.20755664607       
47          -26801.361073404729      
41          -19806.754645031735      
36          -16018.411507344785      
48          -26076.021768625826      
46          -25898.703609854874      
41          -22590.314819286792      
39          -22167.263619285943      
24          -10879.260960919029      
20          -5896.8516405158171      
11          -1964.3979319274592      
21          -4544.4360278088616      
22          -6848.6970542797935      
34          -12270.421240388698      
37          -17550.632396274785      
37          -15903.45971765164       
26          -7329.6870038389734      
29          -8963.3178182596585      
26          -6673.9800281551934      
21          -6490.7258165567864      
22          -6717.0036929401986      
23          -8473.8074502939689      
32          -11948.568344135563      
27          -9426.953988362784       
18          -3982.6568883237323      
23          -5630.8348777634819      
31          -11521.65837068968       
35          -14333.271496957477      
31          -11486.580385920439      
44          -23209.904519287174      
32          -12478.125310832354      
33          -14261.611753220495      
32          -14169.692430479112      
36          -15543.299988084802      
50          -28442.496531059158      
50          -26899.659761210612      
46          -24332.374704399601      
44          -24657.672464808235      
38          -18796.928409154149      
34          -14304.734656463765      
