510 1 -4140 35 35 35
36          -25286.106413345678      
42          -31177.687537367401      
51          -42641.665930518284      
47          -40658.045811088254      
45          -37170.095384744287      
45          -36603.152708961839      
44          -41211.579577004901      
45          -47066.108849460012      
53          -57173.659951175978      
52          -51982.286698022217      
47          -42279.13602626021       
59          -58804.131094877783      
51          -45545.209452273288      
45          -31516.021928241691      
46          -34102.478774408686      
47          -40820.895861505742      
60          -58803.182937906997      
65          -76113.683704924173      
55          -57404.528740272377      
49          -42785.847121063605      
65          -72170.72285392553       
61          -67779.515562933899      
66          -82500.056406988922      
62          -68402.581813168625      
61          -67489.020788718393      
76          -92869.243383944326      
76          -94892.765028434253      
69          -86455.512080783461      
74          -95676.111163874273      
74          -96264.192174457479      
81          -111959.80463744243      
75          -99849.920931231129      
71          -86545.461109898199      
73          -90314.029469486093      
69          -87773.140390267887      
76          -103575.82014444759      
79          -105910.34630231632      
66          -70720.053883104672      
63          -67434.467994194551      
64          -70109.275869311154      
64          -68496.252786162921      
69          -81075.518601665448      
58          -63490.8661738097        
48          -43812.764058876397      
45          -42874.466587909694      
51          -45227.428319507446      
50          -47032.700311749548      
60          -60440.433234655953      
64          -73364.677207476721      
54          -52428.538401200291      
47          -42648.30665703291       
61          -65512.234182844535      
51          -44734.785390921978      
58          -55113.77126199723       
40          -30473.808439478806      
42          -28795.351252721266      
33          -17185.278328580407      
31          -14703.121040277605      
29          -15033.784726294842      
25          -11769.467551720365      
36          -23720.867561848783      
39          -27441.57030385179       
49          -46662.744542557688      
48          -40279.936115536024      
51          -42771.730015096226      
49          -49586.097650254291      
53          -54220.798336630156      
51          -53471.115482735382      
60          -69589.943954891074      
58          -64122.228309937782      
58          -68040.512656037768      
48          -48624.494920951045      
56          -55104.044485931954      
50          -51944.729436234746      
47          -43924.288670300404      
45          -39935.364711395858      
50          -47594.98769818413       
39          -31153.450616090522      
38          -24897.955848378992      
35          -21626.258936498802      
32          -21154.800038457455      
39          -30080.65418672462       
34          -22277.960974445734      
38          -23789.381311876343      
35          -22333.182720791254      
34          -18839.910604396522      
35          -25077.907474572825      
34          -18157.426112019482      
19          -6611.4339448515748      
15          -3965.2376637384587      
18          -5684.2038025348547      
21          -10929.603334403435      
33          -12900.218566212921      
45          -29882.399637275616      
47          -39098.724490791348      
37          -22723.203786105216      
41          -29898.240706796158      
44          -33242.901138463538      
40          -28366.073031795702      
39          -27510.241704382533      
36          -24924.092779662449      
31          -20391.113593472379      
35          -26076.259248859751      
44          -35389.063470582012      
51          -46750.10280118166       
49          -42804.354214179031      
50          -43553.645415353909      
52          -47373.416020233613      
58          -65896.298526336686      
78          -102174.63287266222      
87          -122388.49966081401      
81          -108831.97438967082      
80          -110979.05663376572      
67          -75128.685759034284      
52          -44590.209216008327      
44          -33978.964166544043      
27          -12551.064908990025      
34          -17333.38820108736       
37          -23583.520493833021      
36          -20720.159864740242      
38          -24161.06052374814       
42          -32175.863555331638      
40          -35796.317492205417      
43          -32214.901239841845      
54          -48071.669004226038      
53          -50983.994882761232      
58          -67263.41627832409       
66          -83091.396467260274      
65          -83570.689157651228      
64          -73073.052359231166      
73          -87812.597004794225      
71          -85500.755501827924      
80          -98289.566587575624      
87          -117193.88124963608      
92          -126919.23988269825      
96          -139176.20898875312      
95          -141684.14437616349      
88          -126210.57846996939      
98          -160600.22652055108      
102         -173696.21042917692      
100         -164003.29709437888      
100         -152717.93273741892      
103         -160372.4356887          
101         -167992.06311320787      
109         -186824.5715460231       
103         -177866.88963509069      
117         -219083.88762873868      
111         -194697.01523374175      
107         -183565.01845643704      
111         -196580.85692204288      
104         -174991.65769654757      
105         -175637.59650515218      
101         -159625.81031226311      
97          -153892.28714948296      
100         -164877.08062567352      
104         -175190.56943160278      
98          -164104.45323232314      
100         -169652.32134958054      
98          -159773.86794696687      
101         -167848.72731357627      
96          -156695.36136504464      
105         -176587.14934359066      
96          -151724.2672652982       
99          -156473.0820301887       
89          -134090.06047764933      
87          -130387.61061083742      
92          -134223.1905374862       
102         -167727.84717814892      
112         -196235.9604487748       
116         -212426.62692516932      
113         -201837.26939431101      
109         -187075.72828586824      
102         -164541.35007360013      
104         -172682.44214294915      
97          -151367.08396527483      
99          -162064.48072104075      
92          -143790.09262565829      
91          -136144.77934798656      
92          -138300.18069720053      
97          -155579.40455159594      
108         -178078.91072477232      
107         -173966.91565771154      
94          -133426.25517914366      
90          -122068.93731663353      
91          -137335.40358112819      
94          -140227.75142593944      
96          -149743.75447289628      
102         -160227.89040284313      
96          -145898.24717508818      
92          -135831.89440226331      
90          -133387.92332879978      
95          -146544.78235996986      
99          -164923.5671857337       
103         -166112.54517964181      
98          -154349.34306108233      
101         -168512.40002708207      
106         -171569.59463423502      
117         -210382.12879782694      
120         -222122.41436266064      
120         -218163.43726909327      
110         -187862.25779960433      
101         -165085.97573570389      
100         -166480.36604439799      
96          -153296.07798534396      
97          -149949.59697623289      
98          -155444.9712263674       
100         -157429.1772151675       
92          -135436.4016892348       
96          -144002.47657570618      
94          -135701.57579904608      
86          -125699.48681356663      
79          -102688.83827452474      
71          -85795.960375992872      
75          -90903.881228642073      
71          -84783.853105708069      
78          -99836.388747522637      
78          -100262.51659479587      
64          -67954.05809473159       
54          -48756.993139852275      
51          -48146.289350261795      
44          -39362.563174694886      
50          -43719.650005315125      
50          -40838.577713146136      
44          -32111.279840834955      
33          -18189.135511877437      
27          -14162.727423389035      
23          -8810.9236313153233      
31          -13531.349946398846      
23          -9727.5059263292096      
18          -7127.5279420079532      
28          -15543.19799534483       
35          -22495.393237319338      
38          -30923.481732597775      
40          -25954.818830998538      
43          -37098.267684269624      
43          -30737.077932619104      
44          -38732.711638041881      
55          -55993.358740129399      
49          -46753.141237069845      
55          -56690.660392228485      
56          -52994.061677553771      
45          -45478.229494504303      
46          -37329.392331537449      
52          -46397.625285016999      
56          -52638.922560667088      
48          -45977.473949462466      
49          -49466.290745349266      
40          -32692.793127621397      
35          -31506.590773812968      
34          -30891.196164270026      
32          -25324.162192605781      
24          -10163.7911781724        
24          -9608.9606223399824      
17          -5558.9407647742701      
25          -14130.488190144841      
28          -18105.371094915023      
36          -23119.269303313245      
42          -30587.187733734885      
41          -29059.782806140451      
53          -52468.036786538119      
67          -75488.193520023196      
67          -77317.073680818605      
64          -66001.163552047525      
53          -47458.487096613455      
44          -36185.132415245913      
42          -31436.631204803925      
41          -37600.286272675716      
46          -44049.986723570837      
39          -29701.506336309041      
31          -18173.690976802147      
33          -15621.981785028409      
34          -17921.69424760374       
28          -17359.499486288882      
41          -27609.064333129434      
38          -23130.645055538811      
41          -28653.628326137579      
31          -22613.762535048114      
32          -22364.072497659443      
35          -26492.96368152081       
39          -33699.84232186836       
43          -43860.615010255809      
48          -45499.43995123206       
44          -34934.50016195995       
41          -32392.659102441707      
40          -30146.254706844786      
30          -13760.764113955109      
31          -17167.544690598945      
33          -19260.967813556173      
30          -17471.784502057028      
29          -18010.197606954844      
30          -15675.227406167567      
26          -17721.485117185708      
21          -10733.518948442834      
29          -13682.450594893869      
25          -9546.2184425142132      
21          -4579.3738276683143      
11          -608.99888025287294      
18          -5071.8141367093558      
29          -12651.264517100131      
22          -11307.574264607094      
15          -4486.0398703719356      
19          -4623.7415772479299      
33          -17354.316706806683      
31          -18120.156054332849      
25          -14179.223401777803      
25          -7517.1979588138711      
27          -11750.943769639036      
29          -15310.196113318931      
36          -24887.824671321796      
36          -21752.777128262092      
38          -21641.071441478307      
27          -15332.56637743049       
23          -10179.249028189262      
13          -4882.6296607771401      
19          -7713.7153263160271      
16          -2613.8489028225049      
19          -5070.7044345003624      
21          -8087.0217032925348      
25          -14292.929428243653      
20          -5838.267745006603       
18          -3500.6298320327232      
14          -3355.8178184718477      
15          -2487.9736635312101      
21          -11403.972644004862      
28          -13907.933016518178      
41          -30434.760368380452      
29          -13100.680447541299      
35          -20394.738082556374      
32          -21913.463186469682      
37          -26051.289133481328      
38          -24589.954078939292      
39          -29353.647370463528      
41          -31670.987249646812      
41          -32394.190888562982      
35          -22350.709076171959      
38          -20506.258068665185      
40          -29502.481444258421      
30          -13214.117900886624      
24          -10030.410914281509      
13          -3483.7183020726116      
26          -11085.037917003998      
22          -8764.3425501222118      
23          -7471.4237616205501      
14          -4966.4673824896763      
13          -2223.2235140402863      
14          -6377.5747211283333      
15          -3636.7611230865023      
24          -12560.46533722859       
21          -11495.10293529332       
17          -5059.2468941937195      
30          -17887.119997517482      
18          -6177.3118606868793      
16          -4708.7316901931954      
22          -7340.8174339933457      
19          -5404.9565852680917      
15          -3610.6259507274658      
25          -11368.630333851075      
23          -11678.42251904839       
34          -17828.52180027093       
32          -18485.869916756295      
32          -20654.443357691151      
28          -15502.698207716239      
35          -19883.64292315178       
29          -11552.25192491594       
33          -17669.180149157568      
32          -17470.461986032715      
31          -18894.538859399894      
35          -24065.514693528829      
28          -19575.407434226239      
34          -27235.096573154919      
35          -18303.327149906087      
38          -25563.872539994663      
44          -37790.047552747703      
44          -30789.503555275864      
47          -35384.542263691619      
53          -45064.596406606128      
48          -36128.03384497526       
42          -36644.218513893524      
44          -37489.278652614332      
57          -55586.289839960467      
61          -67966.313658201077      
62          -65001.323164749469      
55          -50831.960555594145      
39          -23523.207473078244      
43          -32684.909328675076      
45          -37212.668573995055      
49          -38083.717648299367      
53          -47263.925744799199      
50          -46226.829775324019      
44          -38928.343863868125      
53          -53023.957550310697      
64          -75700.636786248768      
64          -71017.772404500705      
53          -51482.401178027132      
53          -47848.688520307267      
75          -92543.413507154139      
72          -88732.87443940973       
71          -89253.001778277816      
65          -78667.274166491014      
62          -78031.210205991432      
64          -79738.970152475769      
66          -77056.836078068838      
59          -62166.611553037612      
55          -52887.150216112925      
57          -55986.412850672714      
51          -46929.975526320872      
40          -32487.052164292305      
45          -40264.538746559891      
49          -39305.102861555999      
37          -31181.087171206211      
40          -33889.230362312133      
40          -33775.854532401019      
39          -29425.258300679689      
35          -27335.174075718183      
49          -42613.450955036766      
42          -33686.242804961672      
32          -18542.496763634252      
34          -23180.673301669362      
35          -27049.539978249304      
31          -10432.904350167733      
33          -13874.547950026421      
32          -14240.582010369453      
26          -14479.390434938907      
27          -13204.584190281141      
22          -8223.9647122817423      
25          -11981.706775901948      
29          -12541.438067454907      
43          -27243.810499197785      
35          -25113.156135761372      
39          -25577.061731394617      
36          -28517.167042291552      
23          -10475.34130706981       
25          -11754.751245936739      
31          -16201.455709562528      
28          -17078.818006891961      
28          -15029.627946358654      
29          -16033.8162835534        
32          -16357.249676704767      
33          -15367.960797545285      
37          -23904.936390414667      
32          -20248.954799353167      
34          -18928.644762027307      
31          -14652.284412575262      
30          -15036.686058734758      
19          -5330.4059642338461      
23          -6325.7182384257703      
28          -12471.304454295587      
36          -21752.174669796568      
41          -31604.976013392872      
33          -19470.00763208036       
30          -21761.770360813196      
28          -14455.017716904591      
28          -13633.977094412392      
34          -16173.486384476306      
37          -23886.956447083638      
18          -11254.12999508447       
22          -16092.853732595093      
31          -26487.710735028908      
35          -27256.421059016418      
43          -30576.784430906297      
46          -35319.633758539785      
55          -61046.721379232084      
50          -54373.971522324115      
59          -66389.511286636247      
67          -79913.848132245024      
64          -65835.993636280109      
61          -61783.670399645256      
61          -62350.287836862961      
58          -61657.930781116127      
69          -84789.201511927022      
71          -93200.94624756655       
69          -82874.43515737851       
68          -83863.952996174659      
73          -84947.313793072492      
62          -62465.365524416651      
67          -72723.467039967756      
66          -73394.153337561613      
71          -76175.991832165717      
75          -87159.424336625525      
76          -93256.025145520223      
83          -120314.3694682499       
83          -121098.54903512262      
84          -123495.17565629992      
84          -124201.390342653        
90          -132458.08214254532      
80          -113297.39916845833      
86          -126123.40908964614      
88          -130616.98647284693      
87          -139404.29710386056      
91          -142330.40627767929      
104         -170573.75871566095      
106         -175754.63052582357      
95          -140322.50812560067      
97          -144271.19572105989      
87          -118129.68180271341      
98          -148423.2895928958       
99          -154552.24970973397      
100         -157716.05660296528      
88          -132750.18762201228      
97          -151327.01353165388      
102         -167861.23440378089      
94          -141285.76811477571      
94          -140068.43052110422      
97          -143950.67607046384      
91          -123500.32447580286      
97          -137227.78630111384      
96          -140397.54849666779      
94          -141465.1875731675       
85          -113643.84510438201      
80          -108069.83982598972      
84          -116221.06605770526      
86          -119872.33238809681      
88          -135697.5211269655       
93          -140834.34064031093      
83          -123613.38980269544      
89          -132099.62672773786      
78          -102363.41048412259      
87          -123977.03942175864      
88          -123809.07857695463      
87          -120242.80278149121      
91          -132998.56972343515      
86          -121673.89290870437      
95          -143296.02241727532      
94          -142363.29264167292      
94          -138171.46583968378      
103         -161851.07855224775      
98          -153641.44327588356      
100         -163480.6550346429       
102         -164014.69517461507      
86          -119941.36290101407      
76          -97067.370611991631      
74          -89298.029106088201      
70          -83405.699564508075      
61          -69405.247526621344      
57          -58883.385177408847      
58          -61870.443475674911      
46          -37994.715834350805      
48          -39739.662334594046      
50          -41058.490371708147      
47          -35974.980244480459      
47          -35329.77320784748       
49          -40832.242559190687      
55          -51093.468711580215      
60          -64277.019802291557      
62          -61438.01539066984       
59          -60253.026225602138      
64          -65767.776722615861      
70          -71804.426781125716      
82          -102427.0515319832       
89          -117941.26344009682      
80          -106226.10172815288      
79          -100291.46259319525      
78          -95422.174585997302      
83          -108465.1349783746       
77          -88730.038319167681      
82          -101332.79352225183      
83          -114005.79326243718      
77          -99425.667917488448      
83          -109727.55769902743      
77          -90611.545000284896      
89          -118304.94926713523      
81          -103322.14706376017      
75          -89548.341019586747      
77          -96454.770980389512      
79          -97096.907770046149      
82          -99121.919221801931      
76          -91921.109722096269      
62          -62725.297668110077      
41          -35052.735679891535      
35          -29254.700683401679      
33          -20432.346210373551      
13          -1592.0179600317983      
19          -7548.2129326417225      
16          -4405.0146491327823      
21          -7625.9574757986975      
12          -5052.5909170704481      
28          -12514.31992467304       
29          -14840.444159020513      
35          -21279.613735522802      
31          -18187.635614298903      
34          -21279.493518759598      
30          -16905.446668445984      
24          -8155.6541525021184      
32          -19447.284630554121      
38          -25276.868021034275      
40          -28759.111310567234      
50          -48703.596558665944      
43          -35833.249253940514      
40          -34604.430678256736      
33          -21922.240253808213      
35          -25384.810739413337      
36          -32632.405515228111      
39          -36793.579458877975      
37          -30380.853598984915      
22          -8714.9755901550525      
34          -14754.537001769189      
36          -19021.141044890064      
31          -16998.996829787844      
26          -11913.407666414676      
25          -10751.835585007029      
33          -19948.722272487481      
20          -5544.6278720356277      
26          -8450.3729469332593      
18          -6010.1162966822176      
26          -13798.664266478532      
40          -28670.63481052711       
36          -21099.838069872294      
50          -39918.267902966465      
33          -18679.859683453262      
21          -9668.7615247111062      
32          -15523.234000467226      
22          -8564.081598560535       
27          -9648.3098052999085      
26          -13664.945819865588      
33          -19275.876607487655      
24          -7718.8177947654513      
23          -8880.8830889993587      
18          -6674.5248153701723      
29          -12489.520217299281      
24          -12053.431079883132      
19          -5598.0179532280872      
22          -7776.554350888664       
27          -11360.231734656436      
24          -9367.1850381654331      
32          -18407.798652855607      
32          -18719.571814328025      
36          -22960.747285620353      
33          -20686.502043273878      
42          -33073.906269220264      
37          -28350.932679579229      
32          -23654.148857987922      
44          -32568.080645310485      
43          -35094.136985066303      
43          -35268.515365701394      
42          -28453.947937145276      
53          -48238.425888562342      
42          -31557.260111077801      
37          -29121.245087588202      
40          -24698.208135870216      
35          -21317.655397951374      
39          -22770.970518236834      
38          -24813.911298897998      
33          -20333.369155957866      
36          -22103.215289764114      
38          -31988.436339224547      
40          -28044.253271922949      
45          -40196.062004152627      
36          -26077.841208368809      
37          -21435.424735071651      
31          -16499.341531249691      
29          -15680.661486882304      
17          -8579.8539463918696      
17          -7868.0797966064447      
25          -12430.397125662497      
25          -13910.837495874126      
18          -4227.8925779834035      
29          -12860.402114033086      
27          -11935.499184247545      
35          -20463.276313239461      
39          -26242.299692105764      
23          -9985.0097960408384      
38          -23592.020775311626      
47          -34908.60856879178       
58          -46825.940103256908      
54          -43463.952746646464      
53          -46940.815999416809      
45          -34571.028352935064      
56          -51900.097372562566      
44          -36573.641068625038      
42          -32952.542064792004      
34          -18972.295582882056      
36          -22154.968414619041      
22          -9646.1098262408468      
24          -10026.304216156095      
16          -3996.3052614177259      
24          -12785.960278931267      
36          -24673.402102732001      
40          -28437.782320428989      
31          -14997.587219302612      
26          -11186.906022215775      
38          -21615.084510859553      
37          -24397.855631125483      
43          -36905.69782586045       
49          -38421.396730871122      
42          -34518.262937987784      
39          -27902.127425079234      
43          -37077.196622778618      
33          -21013.446191366824      
33          -21264.318831708235      
29          -19379.901755041457      
34          -17849.572219603979      
30          -13492.209689745918      
24          -12042.688643621157      
27          -12464.053407413829      
25          -9094.007660576448       
28          -16661.593929966992      
33          -20476.903640299406      
30          -17898.58538608766       
38          -22977.010145092179      
29          -14909.891218310666      
33          -19199.469735510411      
33          -21195.854099696997      
32          -17167.768967301272      
30          -16987.469319434415      
26          -12183.849972824399      
31          -16913.783434400997      
33          -19951.973661532222      
41          -28039.922899869194      
34          -21650.88852976148       
30          -25786.867726891385      
35          -22111.980009093164      
32          -22205.155312200437      
27          -14792.061621234074      
27          -16145.776355285707      
34          -20432.748300917763      
44          -32808.537657996516      
46          -37599.481719711257      
44          -31988.276495447622      
38          -30436.581483456477      
42          -35206.937750422403      
37          -31666.564429811122      
49          -48238.87927004294       
48          -43239.270547358399      
48          -39991.225337676493      
52          -52251.11974018591       
57          -64375.216705260907      
49          -48611.993707914989      
54          -48935.117145335353      
53          -47458.921237015456      
51          -40489.87090720547       
39          -20973.791211608142      
34          -21454.498792848321      
30          -13586.810322756968      
29          -14569.307597742776      
18          -7062.9369549786743      
26          -15621.517034642491      
38          -27917.279510820543      
42          -34808.844787100868      
50          -45939.46761275662       
50          -48481.871690151544      
58          -58032.890778592548      
56          -56093.973119589129      
47          -43390.748574949983      
42          -29995.107781399049      
36          -25198.934393598676      
46          -40548.628302156678      
46          -35240.217922271127      
31          -15630.144429095977      
27          -15852.582722941654      
30          -16252.234917981055      
35          -24099.918479933909      
34          -22162.378453644931      
44          -35636.171977285267      
42          -32698.035809762776      
32          -22842.455285607564      
48          -45777.057140086581      
43          -34424.423291436484      
38          -24266.934767267758      
32          -20067.65426826771       
18          -7680.2947857599884      
19          -8772.4899038984313      
24          -11990.334226727189      
34          -21846.52792917327       
21          -8254.3501156441143      
22          -7423.009916755118       
26          -10764.478785385369      
23          -8994.1150176088631      
33          -20609.552719270701      
30          -16700.915603549845      
23          -6151.5593847716727      
23          -9253.1144640813218      
19          -8339.6166415029802      
24          -13507.996158611777      
31          -17076.926903443138      
22          -9859.6424073452963      
30          -14234.862419902543      
29          -15044.019423616855      
21          -10792.472485628883      
18          -5274.7549085545443      
23          -7658.0786116219397      
19          -5437.8356248896362      
27          -9774.4903476987874      
33          -16071.771977133139      
27          -8914.2345851880218      
34          -19075.249964283179      
32          -22396.920695812638      
26          -9142.934049926871       
27          -9801.3595659498824      
20          -9310.5976328221441      
23          -9542.4547763152732      
31          -22175.604199400768      
22          -10875.068268294539      
22          -6043.1927727920001      
38          -20267.020190441428      
27          -11271.375893417391      
30          -16959.35544723324       
21          -10665.972739449488      
34          -19450.768785946053      
23          -11051.43148987639       
33          -18002.642752687927      
37          -18498.302382380407      
35          -25006.403840587871      
38          -26013.584919072182      
33          -18006.663826090858      
37          -22446.843426213163      
38          -23732.398320138567      
30          -14087.460747742722      
21          -7244.0959344602788      
23          -9180.481985140741       
23          -11725.483614674185      
28          -15852.637644619932      
32          -20412.08371051526       
30          -20628.861636921763      
45          -35216.944416123144      
47          -37889.320859090869      
44          -36550.787961453083      
44          -36026.170736949745      
43          -34550.360919209998      
32          -21172.687182607046      
39          -24418.825223172404      
27          -23602.094396051965      
29          -20351.773667751357      
22          -11198.757624954844      
18          -7575.0106607823545      
18          -7283.0095537789994      
32          -16080.134363315668      
27          -11481.512534452193      
24          -10684.339790519287      
22          -7322.8216935124656      
20          -4724.7495119683626      
35          -24720.723869638015      
27          -15088.123582567003      
23          -7403.1764878391496      
29          -13398.861854894447      
39          -25840.064574768639      
32          -21770.232151591688      
27          -11426.663753395131      
31          -15403.163232706993      
25          -11584.361654006325      
31          -15767.440060134664      
32          -18379.883276670869      
29          -14464.591657804325      
37          -20432.251789872909      
36          -23439.865644733021      
31          -18023.041661031373      
32          -20965.18680012305       
38          -32689.881914981179      
36          -23048.827950906565      
27          -12113.46265922669       
24          -8184.8236436670641      
26          -13748.188712355299      
21          -7796.7282387181695      
24          -9659.576783755474       
30          -13590.63802389523       
29          -16251.195076413647      
23          -10684.63782144335       
34          -20726.878470996944      
37          -22082.595170029468      
46          -37109.810793090604      
37          -24357.549228357424      
26          -10276.370900611482      
13          -3292.3500837288198      
19          -6601.9736011760388      
29          -18345.331353410409      
35          -21731.64129161448       
41          -30054.017241366866      
41          -30370.933350237065      
45          -35194.365260994746      
44          -37849.01783601792       
44          -34572.327914542861      
33          -16747.583585875942      
30          -12474.98704343936       
26          -10261.427510491027      
17          -5132.1680238943109      
38          -19131.991350462635      
25          -9471.2685094534718      
30          -11610.981105430174      
25          -9753.6317024721156      
28          -11365.315533026434      
32          -19546.75444670759       
30          -15993.922737710718      
41          -34723.876630024795      
37          -26217.423377812876      
35          -24846.757137982033      
31          -18450.635523375928      
35          -19168.06559514633       
24          -12762.164298428146      
31          -18850.092984428527      
29          -20205.848848038331      
30          -18157.446465231351      
38          -25278.901009793612      
46          -31288.045091842323      
56          -53281.827453859471      
55          -48994.380136941116      
57          -56849.451510720712      
56          -52167.301725528821      
44          -32753.26220137882       
32          -13832.907672044854      
18          -5599.4735441951298      
13          -3226.8051229577259      
18          -5642.8472607262438      
25          -10142.852285516872      
27          -10280.938575541746      
27          -14218.696080798496      
23          -13597.319311268966      
37          -24812.344961130402      
34          -19380.59330563292       
42          -28341.905317716817      
32          -18653.373030504572      
28          -12592.920457979761      
27          -11415.960852669166      
28          -16902.978406707291      
16          -5210.433341895483       
21          -6824.2424420928928      
24          -10765.601259333929      
27          -13513.852232934889      
25          -12783.02890173175       
33          -20838.339673298215      
24          -10191.449665304723      
18          -5472.9350187935961      
26          -14432.105035118768      
35          -20785.084186880973      
33          -18912.86527761451       
28          -16926.261091786342      
22          -9100.0944718337432      
28          -12612.783701251821      
33          -18334.119919150955      
32          -17138.35544223636       
36          -23192.004812310592      
33          -19985.049735226403      
32          -17924.049431811225      
20          -11409.230427388085      
24          -11853.957676736503      
25          -11159.083794892875      
28          -12130.309418330482      
29          -19300.123979076419      
20          -7144.1906998379909      
16          -4191.5302585144955      
27          -11584.495901856128      
17          -4012.8016780402913      
26          -9870.9632809388877      
30          -16993.952305572311      
32          -18218.783748819853      
35          -24367.164479704668      
36          -22310.908424371068      
39          -24889.87599708368       
38          -21080.581752740029      
36          -22500.831406320802      
37          -24563.713233124508      
37          -20772.136679262585      
32          -17924.204304508155      
37          -28111.447093154045      
26          -15387.201760346192      
26          -16819.842007163104      
28          -13139.74935624436       
28          -12130.982922451614      
24          -14078.897454040174      
24          -8314.5392873716337      
23          -10418.44926263611       
16          -4086.425519101675       
33          -14987.126195561577      
25          -10970.702628835366      
19          -6585.1231777638204      
17          -8064.6624528224484      
20          -9025.1795337263466      
30          -19224.070462891446      
41          -35324.207492110552      
47          -37239.841193521468      
37          -25337.253031946108      
51          -45720.586627318291      
57          -58268.844501680811      
66          -75806.93890888567       
85          -112768.42154780633      
79          -100550.02826604756      
77          -104756.88559371266      
70          -87649.652244248267      
62          -71064.558215637342      
43          -36794.882915319788      
51          -51887.451990208123      
36          -26294.727880557952      
22          -8567.1213076473905      
26          -12840.933488758463      
24          -11499.462932466229      
19          -6892.4298484466462      
26          -12218.672421747287      
48          -36562.085165846001      
41          -28683.029337568816      
32          -21736.216651486167      
19          -8144.6573565723147      
26          -10795.692738181691      
37          -21325.861278041913      
31          -17455.136588620397      
27          -10896.910102766044      
21          -7754.5066613773179      
34          -22806.50557001113       
22          -9832.5409396767918      
17          -4572.9479491162156      
19          -8346.8590905606179      
22          -5646.3979794532743      
23          -5889.557161259856       
23          -9693.802112694666       
25          -9946.1515557938183      
24          -13862.435717342882      
24          -13642.024913241055      
30          -16545.650346647475      
28          -17749.877983255144      
29          -15491.381956066989      
28          -15770.430702378948      
23          -13515.748028040813      
29          -14048.801108447789      
29          -16824.848656147424      
36          -21776.042693055537      
31          -16071.120369607866      
30          -20220.284751445441      
35          -18248.688162569219      
50          -41822.978325021817      
33          -18718.371792850478      
27          -14512.497133277304      
36          -20743.558141548427      
42          -27079.166378719583      
36          -21585.893231327955      
38          -29952.998498312529      
36          -20630.345886063358      
27          -13571.156319002923      
25          -9750.3998056644814      
24          -10656.842805433682      
23          -7181.160089007245       
25          -10041.663923723634      
11          -3551.3276826206097      
23          -7278.9042213647544      
23          -10756.934889096676      
27          -13920.158249038031      
26          -12275.233498820084      
33          -21843.638332791721      
27          -14151.857641122811      
21          -7854.9793949563664      
14          -3128.6830926458442      
23          -7399.3437498780731      
17          -6810.4106724326994      
19          -4099.4021451390599      
9           -2330.8654959536461      
19          -5783.5413887253499      
21          -10256.545052502352      
35          -27307.982519248413      
48          -37351.34018860315       
40          -29541.463438813073      
24          -12351.462693959253      
23          -7567.9486211648846      
5           -132.03031363218807      
12          -2845.1198008904994      
27          -10356.315167068713      
31          -18265.557271406487      
26          -12523.993339584296      
31          -19018.949244504511      
37          -29944.178942175291      
31          -20093.935749063949      
25          -14428.5415279185        
30          -15339.891739616363      
29          -11905.72594009989       
29          -17005.369009836002      
39          -24388.962049402111      
31          -16582.987347199167      
32          -15992.801519431074      
35          -20499.739324201644      
32          -20483.831061441379      
41          -31411.88918395303       
46          -33515.316181147748      
40          -28565.884756360738      
28          -15768.546589168309      
28          -13193.566514197573      
33          -25309.025831655374      
42          -29589.795650356988      
44          -36468.206332626978      
40          -31250.043437439534      
40          -30187.530805048464      
39          -23687.261137733676      
30          -16321.217317385632      
18          -5509.174137809493       
24          -8151.9323718941641      
28          -13079.599654003798      
32          -20689.865402359916      
37          -26174.153153314237      
35          -30625.756587385953      
35          -34106.807628650546      
30          -24828.995969097014      
39          -30997.667305751038      
35          -26068.172252067405      
37          -31498.464135757054      
39          -35270.388553547316      
45          -37746.594508425776      
29          -16389.175453748732      
18          -4102.7564679257448      
24          -11238.1557457495        
26          -14468.447199906655      
21          -7918.1046238736008      
8           -880.09805727532876      
21          -6289.9374093180841      
25          -6428.1665138664321      
23          -9039.3640207851786      
20          -8698.8029510565902      
11          -1492.8793375906998      
15          -4753.9987414381176      
22          -9767.8436758820426      
30          -16689.634233473946      
27          -13504.336525744089      
23          -13662.54237667581       
30          -14414.047095067304      
27          -15668.011470222733      
33          -18817.423916198102      
36          -24547.112648451013      
23          -13124.956406729227      
33          -18725.768155796446      
29          -11994.075535680473      
42          -30334.490865475229      
38          -22066.386387030208      
31          -19377.855782444232      
37          -26609.362454573122      
38          -21314.504425253897      
33          -22462.415336433223      
37          -24136.474111233663      
32          -18587.700923652366      
39          -25413.845045628594      
40          -29286.258320095527      
22          -6549.8172660576574      
20          -5289.8069001247004      
20          -7892.6353160697363      
15          -5617.8495845472016      
19          -7866.5972323943197      
21          -8883.0160475186149      
24          -8946.2996478956484      
32          -17787.562356942082      
30          -16813.739676544559      
18          -4315.3998657145703      
16          -3756.3579564002553      
17          -4080.6438799008656      
20          -5170.8912447644998      
24          -12600.550670900975      
38          -23579.856839616095      
34          -18346.513595451848      
37          -24514.472546364719      
48          -40076.621689751315      
44          -36127.332570101586      
48          -45320.334859106915      
41          -31170.905205121555      
38          -28435.780031085971      
45          -34288.803650340233      
43          -30614.884664357316      
43          -28653.903726337383      
36          -19819.307977956305      
34          -16347.39213876533       
46          -32988.099332525635      
41          -29205.248144376732      
45          -35824.846675057801      
39          -32128.539733784626      
43          -41467.128431508732      
45          -32878.95835487156       
42          -31955.096514523386      
49          -41886.960633681716      
61          -66911.844638554176      
57          -59192.700525173816      
52          -49046.087427486018      
51          -47409.745682205605      
66          -78871.664115237916      
65          -74058.232414387719      
71          -87660.782518698485      
70          -80749.075756607504      
69          -83221.693362189792      
66          -84256.656034953397      
67          -81228.728230614215      
66          -90486.664047342958      
58          -66316.88504463344       
67          -83127.174649038221      
61          -76374.524388192862      
69          -83841.236759193242      
72          -99244.007454858511      
72          -92015.181891448257      
78          -102763.92665752728      
80          -101969.38682316846      
79          -100930.01142099987      
81          -112782.49362198633      
73          -90564.882690199374      
73          -88593.332199959739      
73          -90862.241549755287      
68          -78414.085244787813      
67          -76584.815746778986      
65          -71094.625295527585      
61          -53772.534623883308      
59          -54877.493950881486      
60          -61723.458550594194      
59          -62401.222248116064      
49          -43829.745394199548      
52          -50998.434361160107      
43          -32407.345370461564      
32          -19977.471139640853      
25          -11277.352748176152      
34          -19485.113130726382      
26          -13671.536107229162      
26          -10363.537226848282      
31          -15592.462716680029      
35          -19547.884164183157      
33          -24665.067168364803      
39          -23598.116407141784      
38          -23122.506712461229      
26          -11145.922243847006      
23          -14795.200363539021      
25          -14623.330350764434      
23          -8082.9975042362021      
15          -3636.8921896921488      
13          -2101.484832597218       
19          -4587.0190896892227      
17          -5630.2991915530765      
24          -8817.2794584760941      
26          -8714.5883428868747      
26          -13165.254265982083      
27          -14544.350379394828      
29          -16267.721209590845      
24          -10398.178483400361      
16          -4849.4400428712315      
12          -2337.6926062235175      
22          -10051.991773078389      
24          -8963.4841046753263      
19          -9166.5193250467564      
26          -14636.513358947048      
33          -14632.024236896377      
33          -17066.134411548101      
24          -11794.932945863055      
25          -12476.474922618345      
35          -22783.463077097815      
36          -23606.124451095395      
27          -11949.540385669192      
28          -12776.474986569167      
40          -24459.145245119835      
43          -33895.952430251746      
40          -31655.526154177242      
47          -37487.602402759803      
43          -33087.80655701107       
49          -41346.410776706332      
34          -23768.374331351035      
40          -26833.672792391779      
32          -24525.280331390259      
28          -17619.263082240104      
18          -4233.3590436197801      
15          -5955.1091287330646      
23          -8782.7175574709618      
27          -17601.483395534702      
37          -22951.051927884397      
35          -25043.645545358904      
33          -20216.597073703371      
24          -11829.12485615024       
44          -33645.307475920636      
35          -16314.133116216881      
31          -14603.17665042975       
23          -10356.095570362806      
20          -6305.6800858083825      
27          -11863.599403032134      
24          -9370.8977994799279      
27          -14398.933119829753      
20          -5498.2116117586611      
29          -15237.392920681747      
23          -10114.477123883938      
24          -13411.51878543256       
23          -10091.747809116529      
28          -13082.603055854639      
24          -13749.541213611381      
12          -3631.8798925570732      
14          -2508.5338966759064      
18          -6112.5696984763044      
14          -5388.177684383053       
23          -9945.9627784392469      
22          -8063.4914337714663      
21          -7503.5196217811745      
28          -9506.0091446543083      
24          -7419.3391149606277      
24          -13282.205466057854      
32          -22121.821289310818      
24          -19120.822834735347      
21          -11407.851956683087      
23          -12684.638630683603      
26          -14430.324491259908      
24          -9198.3573156058083      
17          -9947.7145504316195      
28          -13575.006193511857      
22          -10709.465705577708      
28          -16364.722048323305      
32          -24554.307213629378      
47          -48641.358671093141      
51          -49433.495994893296      
56          -65010.915182542289      
53          -49926.926596524703      
62          -65470.485772988482      
77          -97778.792291710342      
71          -83169.704845192056      
72          -86595.988614022936      
79          -99853.086977085884      
82          -107963.041370448        
78          -97915.252553203813      
72          -81299.873008096052      
51          -50280.24232802679       
58          -59686.056869955428      
48          -50038.536195346758      
50          -45649.918739130022      
54          -59000.192230344619      
54          -56630.434973320356      
61          -71490.337259157881      
55          -58898.293059000862      
65          -78389.534228750927      
59          -63900.311184140381      
62          -73690.594480285683      
68          -78577.743586283061      
64          -69112.914100228372      
58          -60046.810208886971      
56          -55509.876305992009      
59          -59183.301491720726      
55          -55097.359978497676      
59          -57140.933787907357      
64          -67900.532321485342      
58          -66240.024286502594      
57          -56253.704497838669      
59          -62354.126884570644      
53          -51653.209924586219      
61          -67267.533228521788      
63          -64109.946594918016      
54          -48515.726893529434      
60          -58074.193844200301      
56          -57008.447502390925      
37          -26026.514116188126      
32          -16918.452157721684      
24          -10288.408041116985      
17          -3937.734541055981       
18          -5528.4378730056796      
19          -6032.9527517876495      
13          -3254.2092428730834      
22          -12685.794668983046      
16          -3458.6392036321586      
14          -3974.7886340811156      
17          -5848.599968278214       
7           -1111.8834102693056      
23          -9287.9041573938084      
39          -27122.383299391604      
40          -28570.269961796428      
41          -30629.656642593494      
47          -42820.855930546575      
43          -36305.767261574998      
42          -25706.96998685439       
37          -28139.491690099356      
37          -28202.507395942837      
29          -13740.737918725863      
28          -12787.543369635685      
23          -8439.7684816007531      
21          -6645.6855218324508      
29          -12890.501829537205      
19          -7242.7523412352402      
27          -10160.619756942542      
38          -24845.468042742999      
47          -46411.446881397504      
55          -58033.654842079442      
51          -54420.934660843908      
55          -54634.17640130478       
55          -51795.676363995022      
64          -62245.576164834267      
69          -75885.755975685213      
60          -62447.430278880252      
61          -58810.980159182895      
64          -65892.815187948378      
74          -87853.649920498428      
72          -81948.02700404459       
80          -101455.47466413969      
86          -124541.92890234209      
80          -107966.34775486164      
83          -110042.79461904948      
68          -82099.459020370996      
71          -80195.528817694707      
76          -95723.065777582058      
75          -95464.717227792731      
84          -115141.39315547892      
90          -129848.30755365154      
86          -127727.23870147993      
89          -132251.41469362137      
88          -127441.95660106593      
87          -129006.27708086577      
91          -141965.76371932094      
92          -133267.48231247481      
86          -117067.95822038065      
94          -148131.8668950139       
87          -131704.82703015863      
87          -129574.83082808123      
83          -109771.85629870823      
77          -97827.75679845683       
78          -101371.13014910408      
84          -112246.97889229699      
83          -115622.35003934693      
81          -109552.65175491967      
88          -127291.54568773122      
72          -98460.210340806865      
70          -86996.035616651061      
67          -74957.567098190266      
61          -60363.926199338595      
48          -34044.766630861559      
49          -42593.452257332981      
44          -40470.857577846538      
41          -35265.791552806077      
38          -26421.199508728056      
36          -23173.902912062407      
38          -28368.241360780314      
41          -31535.96648554266       
46          -40098.621622048704      
54          -44802.12803196178       
48          -42320.002489160375      
46          -40530.60080369866       
46          -40790.784001294676      
56          -54722.11605247009       
53          -47912.788299690248      
47          -41730.632072218403      
46          -40495.247784938227      
40          -32788.515116161645      
33          -15458.542378320803      
40          -26626.144370596005      
45          -40969.558306294632      
36          -27932.339802992665      
38          -27686.722833047359      
33          -19897.876432185298      
42          -29998.581241675867      
38          -27846.223535922894      
25          -12305.840899116823      
28          -10789.979209103367      
34          -23833.935141794114      
41          -30831.893175724941      
34          -25705.566142558862      
34          -22283.079160934853      
37          -24381.357170562427      
42          -32551.018076930737      
37          -28984.920665159567      
40          -31205.707918813408      
37          -22682.606742618027      
40          -26846.855906670062      
36          -26532.834272316559      
25          -10528.494333601968      
37          -25448.946792595048      
40          -35370.501486892972      
45          -37629.290534678315      
46          -36210.367096066439      
51          -49377.356488967016      
48          -43407.732641832066      
52          -47194.637294384869      
48          -38580.862668266695      
35          -21463.550981874017      
20          -10537.165984825715      
23          -10492.697958108469      
23          -12535.880786045913      
11          -2424.3593135412452      
19          -4964.4967441253702      
23          -5489.1301713141402      
17          -5122.8926057363115      
18          -6435.4225257182316      
24          -11458.054274462685      
17          -5606.7006168182788      
18          -4774.9605512906001      
17          -4171.076642033011       
21          -7542.1776438900042      
15          -3562.9227526901182      
29          -15576.600590249434      
37          -22473.155217790729      
30          -17782.420603286217      
29          -11580.246729127157      
28          -14560.302166428997      
38          -23158.318863940956      
32          -19562.699301509136      
26          -17426.01630420021       
32          -22785.634359642179      
31          -17687.756818532122      
34          -19487.732142302713      
25          -8104.2924370180299      
38          -24604.4470333836        
40          -30219.897052497254      
36          -25499.027357775489      
50          -43818.537692552927      
49          -39722.662687308322      
60          -60620.679073298641      
58          -57620.400801976975      
55          -47863.661345182983      
63          -63546.143597217022      
53          -45996.250352095602      
56          -51235.464721612116      
45          -34290.810167804753      
42          -34136.113414864332      
49          -43086.095656844598      
53          -47859.637892113838      
46          -34930.531950009863      
42          -35049.922906189255      
44          -35682.555267539188      
29          -14256.150479541544      
29          -12224.286587169652      
23          -11203.810339506463      
29          -19258.231800682865      
30          -18867.494843711691      
23          -11896.011389703654      
16          -4300.8305841938763      
20          -6128.2242470355777      
15          -2649.9061204894424      
24          -8626.0744531743967      
36          -24815.511169646245      
23          -10169.551353726039      
23          -6425.6201649942723      
23          -7022.806977785549       
12          -1483.6229983767414      
25          -11731.144509622083      
23          -8231.0819781915889      
33          -18100.163587344316      
29          -15066.121361042791      
26          -14106.958628756651      
30          -17771.824901907774      
34          -21370.933113275601      
30          -17442.710855707421      
36          -22005.535834907208      
33          -25865.582165703265      
34          -27455.840738995947      
30          -19801.110726077095      
30          -22196.276810022311      
32          -17224.933445240702      
23          -10883.554168688168      
29          -16784.955727609209      
32          -20420.663363218329      
36          -26766.912589268435      
48          -43357.550689684198      
39          -28053.849965522808      
35          -26535.300030978382      
34          -24432.560874917133      
33          -22503.865935585705      
33          -18134.71699108358       
35          -23135.46820488837       
23          -9729.1124061177325      
17          -5020.248388659852       
20          -6891.1849961785611      
31          -13502.711416723676      
29          -15424.008701262903      
32          -17216.164950296225      
24          -9887.6691159481234      
18          -7910.9241747551623      
31          -19420.857234552899      
35          -17909.014903626496      
26          -12329.803609568135      
17          -4714.3511703594604      
18          -8869.565455824124       
29          -18149.766748734164      
31          -15263.354356192764      
51          -38126.914135767867      
41          -29011.3568531009        
39          -22196.971345252339      
30          -18861.128485442503      
47          -37641.23817324113       
38          -27482.414604958642      
47          -43543.467952302322      
56          -56790.587216875487      
49          -46060.520876864379      
66          -74434.451493680288      
62          -58007.886144657736      
66          -69320.055258891007      
59          -57583.53364628127       
49          -40820.470504482772      
38          -21986.759797639053      
34          -25629.780682049954      
40          -26461.597203241388      
41          -30183.399993597242      
37          -28385.34939377835       
44          -35536.416452097503      
30          -16881.660317097885      
33          -19214.972808341274      
45          -33440.534043284038      
44          -37035.296323519309      
46          -45209.99213536943       
45          -41698.042015466737      
46          -41569.401052465379      
47          -44036.753834186282      
55          -54973.677654971878      
48          -47648.164460898981      
40          -37836.51843285744       
46          -43444.956692352956      
41          -37065.880639733943      
43          -32628.013080141911      
39          -29048.273452213096      
45          -34498.900793285262      
44          -36570.410845188657      
46          -40199.311241478943      
34          -20462.220834051001      
35          -24000.833303931846      
47          -39582.775653940946      
59          -53656.721915038419      
61          -63531.819589665676      
45          -47533.733849831195      
56          -59477.61557782867       
57          -64467.297943824764      
69          -83531.420121286443      
59          -60638.755450423181      
58          -56734.350529129246      
42          -34052.655046466731      
38          -27453.750355727771      
27          -12597.829266578847      
20          -7834.9633759853859      
13          -2995.273895000224       
11          -2857.4270664050846      
17          -3931.3669987395137      
17          -4164.5154159488284      
21          -6835.4615752034206      
17          -7317.2147426325146      
20          -6222.2399055799488      
22          -8215.5106078606041      
25          -9222.6495911308848      
18          -8993.0473382214041      
21          -7121.2908159889585      
25          -12485.229487284807      
23          -12896.408200719365      
23          -14571.171422318766      
24          -9836.1095051450648      
23          -5313.9871104318554      
14          -2572.5267564634919      
25          -10752.224880205849      
31          -17118.867390084797      
34          -23656.577650590109      
34          -27955.881796612204      
32          -22689.515244278045      
29          -18656.203944054887      
41          -27039.068623142426      
26          -9912.5437539300092      
45          -27895.729692117173      
45          -30521.293570641228      
54          -46790.621106723433      
45          -38545.126215728291      
30          -20611.00688796155       
30          -18996.858923619839      
31          -17878.363485721005      
31          -18571.814426007477      
22          -9349.0912265299012      
15          -4416.9436528919141      
23          -10892.234341817091      
28          -15695.44326778371       
31          -22621.618945140774      
29          -15703.518077319992      
36          -27553.809166940864      
23          -14048.221525973337      
28          -14028.890933032912      
30          -16207.252572795045      
25          -13855.938995980687      
33          -16897.99243715682       
32          -17214.572812851478      
36          -22368.851625651198      
27          -11183.588310796626      
29          -15744.868668877642      
46          -32721.603613154097      
44          -32823.414465152149      
46          -38191.734298224612      
44          -35953.357829872562      
49          -40026.374840550518      
52          -48282.697810324855      
66          -67305.32033107779       
85          -113141.53787513624      
88          -116360.15163423953      
92          -134151.35842071194      
92          -128631.6091822694       
96          -147912.79390728573      
102         -161772.19232619877      
109         -185914.65514036093      
112         -196773.64196810217      
110         -186999.85505762661      
109         -180521.9896394556       
113         -193530.86221165152      
113         -201469.20829769035      
114         -202669.39083350659      
120         -220805.29598179564      
122         -234517.86076105159      
114         -205908.39601212827      
121         -232412.55520673015      
119         -224738.44071581529      
123         -245208.61833092934      
125         -250853.85444451778      
123         -249115.055161492        
129         -269197.84710809932      
128         -269977.76894316205      
126         -265323.63664847531      
121         -249959.91523915372      
121         -244765.00050773419      
122         -245064.73684980348      
116         -223345.7742397518       
114         -215050.90961399689      
113         -209751.69407735456      
116         -220224.12567134018      
119         -226105.84025933663      
116         -213496.58733165395      
110         -200939.29369067636      
101         -177739.07901531289      
103         -179715.21239014302      
105         -187917.26183595136      
109         -199222.22173793119      
119         -222914.26879867766      
120         -229286.5001039565       
111         -193706.53845796519      
109         -196309.16706685815      
104         -184583.09884483452      
106         -186354.18927211699      
107         -191791.82530387663      
111         -206906.62186080962      
102         -173188.5048557675       
98          -157350.19648026026      
100         -158905.88921252475      
98          -159153.62232837293      
86          -122800.08361402139      
93          -143554.81463586181      
96          -146348.65264227163      
98          -150483.72361480028      
100         -159374.05664889733      
98          -144977.8748492648       
95          -140897.46693121904      
93          -137143.12105276782      
97          -148442.29606745995      
90          -128815.16086058403      
94          -138475.14488197901      
93          -132195.18433892285      
102         -152350.46539371592      
91          -123326.81847512392      
93          -131011.77079607971      
85          -117825.88158226578      
93          -141348.78695220297      
99          -157373.38232510912      
91          -135796.71705854891      
97          -152879.19662967697      
101         -160994.78092220507      
98          -153006.02298218932      
96          -146594.96854604786      
94          -138594.14046798239      
94          -141269.86482140672      
100         -157944.36410665439      
104         -169336.73696669994      
101         -164112.87683203223      
102         -158219.24602446856      
98          -150404.34945927522      
97          -151579.82050787419      
91          -135102.15674907394      
83          -116659.52602734363      
90          -125935.50204200891      
79          -96261.000223299707      
80          -102909.8636149221       
85          -117536.80990445591      
80          -104169.65937000551      
80          -106041.79865368392      
89          -131243.57635583571      
89          -130497.00939012389      
84          -118121.95741827092      
97          -145654.66047580773      
95          -146400.78773001104      
100         -167545.30583236206      
100         -167767.34253580871      
103         -170226.54969818529      
97          -145976.52388648194      
104         -167961.54915701161      
102         -171183.46685175438      
97          -151381.59894564492      
89          -132986.52254552199      
90          -139415.01333018127      
89          -144105.02741358054      
100         -165760.43582701212      
93          -149708.22303071065      
94          -148985.39654147951      
94          -149273.65022070165      
96          -151901.6207871435       
91          -137317.59191775878      
89          -138781.4107241458       
91          -139676.91402882061      
92          -136786.14258990512      
94          -137699.22574825768      
97          -141826.08235922744      
106         -171539.90132047058      
109         -186695.25704661751      
106         -182227.06904799113      
102         -172320.72385498084      
103         -170302.2558306015       
103         -176390.39922094718      
113         -203811.48861285773      
118         -219333.55040508608      
120         -228625.18923414371      
127         -246511.32781235428      
128         -250384.44388825196      
125         -241193.27063714902      
118         -218486.46129756857      
123         -237597.00640947354      
129         -260596.86662301741      
113         -203122.24850900398      
114         -208805.8577521636       
107         -184075.10133566006      
110         -199545.72590594468      
108         -190088.09995572839      
110         -196872.15375784607      
103         -166530.71218787902      
103         -165942.61570963392      
105         -172644.56973607707      
101         -171686.23918551725      
103         -173343.69948384672      
113         -205494.7717772699       
108         -196836.04852358389      
110         -193536.2950146127       
103         -165817.58215868898      
109         -185900.48207395212      
105         -177671.49928496135      
108         -185479.93644312207      
104         -172770.38781613359      
101         -163533.50106036925      
102         -169258.98530803662      
98          -156034.39777300716      
101         -162414.85211024969      
98          -157976.41884187292      
101         -159141.09130421723      
105         -168462.62024657949      
102         -162912.2134985232       
106         -175725.13269335829      
114         -199377.42490761925      
112         -191516.37712100372      
112         -191356.8154500724       
113         -204035.93236700128      
113         -197446.25492279543      
103         -161206.9697775931       
92          -130792.36906057551      
94          -139973.30621057362      
86          -122441.24955377613      
97          -145478.41268830199      
105         -170508.19234697297      
96          -152502.10482669491      
91          -133732.34716360667      
93          -139180.75180742005      
92          -138443.48859576663      
98          -145257.42111504127      
92          -130764.25426333891      
86          -120640.29912057756      
95          -141428.46624961839      
93          -135762.36104231706      
80          -104984.74284003061      
82          -116093.88772373192      
84          -114405.59582944008      
80          -101986.80748826923      
69          -81676.065642210437      
70          -82839.433696167907      
69          -76518.470337241772      
75          -98630.589108037471      
81          -112008.18598976482      
88          -121599.31354617601      
95          -129324.14503509266      
88          -125303.99429425236      
94          -145234.60500132036      
88          -134214.3063272755       
84          -116862.82317267082      
77          -101190.03151623932      
77          -99466.898315937913      
77          -96643.817655984094      
83          -117118.92627153079      
81          -109180.99686482028      
78          -99795.008452111782      
92          -137298.55057394775      
90          -132825.76393878792      
82          -111488.88264229045      
85          -122169.90680623571      
84          -115464.80609099752      
88          -121630.12191536646      
94          -134616.67751798482      
84          -111979.71865728719      
83          -111113.50078713709      
81          -101766.05028770359      
76          -96566.729300888212      
83          -113919.5129595234       
70          -88931.355098468281      
78          -106366.00348495512      
79          -101337.46161246714      
73          -89656.584426075497      
67          -75017.19669681252       
67          -78665.672298567893      
64          -76326.247090969322      
71          -88768.618471174923      
66          -80302.156146216541      
75          -93664.198342985124      
64          -73877.085146284851      
63          -71869.796174314572      
70          -85297.455325629169      
71          -82723.799198406239      
70          -88548.540704842671      
70          -85584.06610734298       
56          -63331.390538455104      
57          -66511.098215548773      
54          -56205.319180181003      
50          -46961.655998396585      
54          -51039.126917342532      
55          -58353.547684374389      
50          -43912.172178588662      
42          -33109.932654912503      
39          -26619.066314550419      
37          -17998.793430566224      
38          -23690.631815534081      
35          -21255.842619969841      
39          -21982.705696843022      
25          -12954.113376535872      
25          -13296.257778885598      
24          -10746.873474481134      
28          -13276.638440173259      
35          -22508.65137228238       
38          -27211.737605122846      
42          -37259.812097773021      
38          -29340.363578904129      
35          -19463.974460843056      
42          -30204.993532611228      
35          -22304.433635956826      
24          -9963.9538557995202      
34          -18338.022171257115      
40          -24077.619220760393      
36          -22678.356791214192      
37          -24704.98401143388       
34          -16865.802803184168      
35          -21951.463209824389      
27          -13527.791740762919      
21          -7688.130746920071       
16          -4440.1280350577217      
22          -7999.6198168762085      
30          -14704.408819403972      
26          -12228.310478304053      
29          -13478.860549357074      
40          -27873.200994560237      
40          -32732.438312358896      
41          -35190.458774067694      
40          -27854.986078881604      
36          -27144.889394656173      
29          -18244.90109521856       
35          -18297.208804444053      
32          -21042.2136251021        
31          -18416.599724390704      
29          -16328.57789086738       
34          -17199.863792309548      
29          -13897.499172144879      
26          -10166.90268778467       
29          -16912.118134062886      
26          -18001.408057029312      
31          -17051.019651108541      
31          -20093.344337531656      
32          -17328.786108072913      
40          -29178.643116625295      
47          -35471.525989091548      
46          -31504.568193660602      
53          -49790.62835360875       
37          -24455.033837795174      
38          -26949.992124151882      
39          -29095.657202050297      
31          -16776.939003825264      
32          -17633.179560164859      
39          -28508.785698261898      
45          -46924.080631011042      
43          -38379.499852354362      
46          -37708.027692055977      
37          -26010.984004691145      
24          -14369.294191233406      
29          -17154.532928828055      
26          -15129.164560150431      
26          -12912.756226488978      
27          -10458.275063396804      
30          -18182.592884366783      
33          -21400.030189491561      
34          -18499.843595486742      
30          -14384.579171203155      
30          -13464.948927956215      
41          -30318.000092647748      
56          -51129.496830988013      
40          -25429.674198559485      
52          -41019.872104876617      
46          -30203.045808936608      
45          -33223.608423740436      
36          -19127.739652881715      
25          -12300.378578343203      
20          -5810.2300836865725      
32          -20476.25832706091       
41          -34092.805440817923      
53          -52233.60381886267       
46          -30078.728457735087      
32          -16921.361197129823      
23          -9778.0103022680159      
31          -14973.430536754264      
37          -25408.532811261837      
28          -12211.377043288376      
17          -5205.3593268447075      
9           -456.65116592774939      
28          -14763.591237046261      
33          -22990.216666207172      
37          -25223.768485112272      
37          -29410.750467667312      
37          -27164.040176914354      
42          -33574.556379140056      
44          -37776.939438468187      
42          -28406.266803456107      
45          -30668.745531294007      
38          -23244.332588290326      
36          -24633.572104808394      
36          -22516.854582693191      
31          -12697.155332873353      
26          -11870.295224349979      
27          -14137.338584343541      
22          -11254.860554699655      
32          -17543.729681011573      
37          -23245.815623366063      
43          -31741.288971688173      
31          -15920.301894613269      
30          -16947.560345705064      
29          -10391.679233845385      
21          -7807.8473252356562      
26          -15511.046245482274      
13          -2725.054710659711       
13          -4135.8449344620367      
27          -14595.335665049684      
28          -16521.297142129741      
32          -20919.286740955537      
34          -20009.818901259092      
30          -16673.085194802905      
35          -21311.14956251394       
32          -17555.678592360953      
33          -18807.058531699615      
23          -10749.126894546274      
21          -6569.5788068679376      
19          -8218.1663808972262      
11          -3860.4748103592769      
22          -7755.3799905045771      
21          -9256.3547371067943      
22          -4738.5341410953424      
29          -14391.400554973012      
27          -8519.2080403790715      
35          -14427.267582207269      
31          -24195.956154240932      
32          -25032.308019124197      
25          -9801.5297821894019      
23          -9112.8107792218543      
43          -28647.884280450649      
50          -40076.211421550644      
54          -53976.433655206936      
38          -26424.95382887698       
36          -23596.784763419637      
42          -34049.419294117215      
38          -27190.618122321419      
38          -26679.89469158656       
47          -36319.560251379218      
35          -21376.533958816959      
29          -12218.812127150102      
25          -10011.830210193702      
21          -7318.6119254111054      
18          -7725.9900325660519      
24          -10397.850055286699      
21          -5672.6207620539635      
20          -9156.6275122135976      
21          -10810.168639800317      
23          -9335.9118103268265      
21          -9562.720158858021       
29          -15862.605363496441      
33          -19089.286095805874      
42          -26687.72960374524       
49          -39971.480481510924      
52          -41818.602727981677      
51          -41188.759639274991      
52          -49264.726244752703      
56          -57542.994157641493      
50          -45961.940674979436      
41          -31853.831666120055      
45          -28813.188275637876      
45          -32865.865800091175      
48          -32033.918081119471      
56          -52284.663443534526      
46          -38762.090029678096      
55          -57421.2330480171        
48          -52602.999474317956      
38          -29416.414280622495      
26          -14118.044531778758      
34          -25013.968919202554      
41          -32906.983719267984      
31          -20662.785552798567      
28          -14547.717302449397      
37          -28570.637934789647      
33          -14840.345544461004      
25          -10797.75496093939       
23          -8649.4493786319035      
29          -16259.380836342751      
41          -27636.540283149669      
36          -20398.55316515722       
43          -30845.584877166089      
44          -36249.364090054754      
48          -41853.838105322568      
33          -20390.812507069117      
35          -21035.337163826844      
47          -36605.497356471831      
45          -33588.887366167357      
40          -27403.953742598947      
38          -27078.304558704018      
41          -25686.35532684459       
29          -13489.068276060581      
29          -14329.630025324454      
31          -16723.237500007468      
29          -17352.279913017908      
35          -18921.301702230234      
39          -29072.151029182347      
21          -9165.6413815786673      
18          -4308.562569963452       
20          -6493.9427889341468      
13          -1697.047289684145       
27          -12916.816845012301      
39          -24715.081970638887      
38          -25752.153211561359      
21          -7360.5185247668969      
19          -6417.0520455748656      
33          -21732.616681054787      
47          -36863.307032905403      
43          -29825.364073661647      
32          -21175.579943105236      
20          -6013.2320941601538      
30          -17268.722049709955      
21          -9676.4043187539901      
25          -10864.885685137233      
23          -9037.8573304356141      
18          -3692.4187978394461      
30          -16163.548054419907      
19          -11399.585645885401      
23          -12482.795379846901      
21          -7478.6231053118972      
17          -4755.1368304419566      
12          -2099.2813371929092      
20          -5012.424203025952       
24          -9060.5511008948506      
24          -9135.3578903328307      
22          -13040.211393695719      
16          -5683.1439613208559      
27          -14398.46645607081       
28          -13213.53499271574       
34          -18510.756980915419      
35          -21163.650460314529      
39          -26076.939898604927      
27          -19224.684795245259      
25          -15995.34662354897       
37          -26401.377632537507      
42          -37816.797672653178      
42          -29010.171753038387      
34          -23157.521308402786      
36          -23694.567554560508      
30          -14710.890700115551      
28          -12329.614448710277      
29          -17675.81296870398       
31          -15561.121810659981      
29          -12956.030494457287      
19          -5656.1897800252664      
31          -12494.783878842278      
32          -22090.965205939694      
33          -22051.970819566755      
28          -18076.024334076414      
34          -21988.355430645486      
36          -20377.657888972346      
30          -14207.58282918718       
37          -20921.592173019468      
36          -19772.934274188265      
29          -10352.009640780278      
18          -8598.8454541452811      
34          -20198.235050316674      
28          -13539.356310506051      
35          -20867.373508823446      
23          -9365.4733811633523      
27          -11536.818175022485      
24          -12910.763597894354      
37          -28885.783004087523      
42          -33967.437295531454      
49          -47217.271761043892      
52          -53691.039626447775      
50          -54797.411887370217      
53          -56060.785851060784      
50          -48606.071393580067      
44          -43292.661031500211      
58          -61665.755727637668      
50          -40848.777965250003      
53          -39120.880176032435      
36          -26170.771338038689      
48          -42574.922088837804      
47          -47812.860520304348      
58          -61855.25099385027       
55          -53336.717826753404      
61          -60829.53636469887       
49          -40840.781144818291      
54          -46014.976965726084      
49          -41918.127062006817      
52          -45723.262142653366      
59          -57226.965011264256      
60          -62473.713431517215      
46          -39901.45732280855       
47          -38957.378136258019      
49          -47369.981189861704      
53          -47365.231932206916      
56          -63161.200417878121      
62          -61150.039499709259      
58          -57010.308531161078      
48          -36445.279250099833      
51          -38467.814084682432      
38          -23394.643654396943      
49          -35254.805852921956      
37          -26451.821333884902      
40          -24579.781764161624      
43          -31135.746577992864      
31          -16118.470550435351      
35          -21521.748558824012      
34          -18017.228839213542      
29          -11514.951592275649      
27          -12714.459506459676      
36          -22966.470402416471      
38          -25254.751457950035      
37          -27274.358053100397      
37          -25548.083465036794      
26          -12857.758018543958      
15          -2677.1312089805929      
19          -7172.2429472341346      
28          -10397.198460560709      
24          -10001.203775207829      
18          -6362.7402332632846      
20          -7804.8014333171268      
20          -9730.2212472356514      
25          -15020.963684760571      
23          -10163.89630416748       
27          -16918.871003772238      
32          -20903.242021382426      
31          -19890.55086070556       
30          -16678.201351626609      
27          -9994.3712746914371      
24          -11915.887729926888      
39          -21736.147018674699      
36          -21323.64360605838       
27          -15235.576833967281      
32          -19309.903447810429      
30          -20108.572754976653      
26          -12662.186977484023      
24          -8468.0206432888517      
19          -7208.0192409824595      
26          -12789.53521862776       
22          -7777.4390997108321      
32          -17059.753619386327      
28          -15269.577635462663      
27          -16301.71514386311       
29          -13485.346499142517      
22          -9726.5896192304153      
12          -2346.009324124519       
15          -3867.1390515258563      
26          -15438.215282304333      
31          -19380.918302687969      
38          -24323.354545084807      
52          -41705.508198330819      
39          -24401.152190602726      
50          -45082.090395995154      
38          -24565.448304248453      
28          -14842.023973940499      
29          -18648.402032569869      
23          -17473.530582005867      
23          -12540.380656606154      
15          -5559.396803947433       
27          -10599.59317488821       
28          -11653.906261984881      
28          -13571.512888940721      
23          -10109.567790528858      
26          -12486.554976097746      
23          -7377.7160648486797      
15          -3458.3909414843101      
22          -10203.54744982267       
26          -12067.692789807092      
33          -22125.999192757037      
28          -13073.41228943125       
26          -12340.83649525944       
20          -7808.2571788412752      
28          -13505.064660983136      
25          -9834.7585139027506      
22          -11100.274505576283      
25          -9972.2889667701711      
16          -4645.2081128053733      
28          -10380.873245005787      
28          -13204.961216513473      
30          -18168.006046469698      
38          -26784.183502872154      
38          -23034.885125729681      
30          -22126.18801777214       
22          -8382.9025832358348      
31          -13690.291999619005      
26          -12245.520821339087      
21          -11021.222908665875      
23          -10810.741199188176      
27          -13180.632652641974      
20          -7728.6808808457899      
29          -14090.112076603191      
32          -14954.185850091961      
34          -18375.449133914401      
40          -25807.365782103603      
35          -14815.835592797202      
35          -18647.43035755595       
42          -22236.383469514421      
36          -25117.367070856537      
30          -19767.001956822671      
31          -20044.3704849598        
31          -23132.723859534548      
32          -28704.430200240469      
26          -13102.46818840163       
31          -13797.140014649634      
35          -21137.361122590682      
40          -29277.520690661229      
40          -28676.208330057438      
40          -32269.236971152146      
46          -36818.517295445468      
39          -25633.134269348695      
40          -24173.312874164261      
38          -27496.010317517608      
45          -30228.869691676795      
45          -32615.483232172126      
48          -45040.467364904907      
32          -23192.272246512253      
32          -26139.45617130024       
30          -18953.140304587061      
34          -20016.260766080777      
28          -11570.25719840997       
24          -7233.9823469996918      
36          -19455.717142559814      
32          -13512.661206877892      
27          -12490.726177540171      
26          -10424.761971197213      
28          -12730.116613956501      
18          -5041.2821210517532      
27          -13986.51141425668       
32          -17355.015721173659      
28          -10243.350910576244      
27          -10662.523765946302      
26          -12675.679700120323      
32          -18152.842321796699      
19          -7657.0611250955662      
34          -18897.655504115679      
38          -23895.125366662931      
32          -17349.167238076632      
30          -17117.883078625022      
24          -11045.065594053518      
13          -2641.8700072973916      
20          -10155.356740199697      
19          -4237.3885929393618      
27          -17777.649106147044      
24          -12355.574576260718      
19          -11286.002557087448      
27          -19547.876552781854      
24          -15871.900392556625      
16          -2251.4474641571464      
21          -8439.1772007880427      
24          -11632.759307742315      
25          -16371.009764375385      
24          -14219.219712703238      
26          -15446.705028776447      
34          -23643.549549367526      
37          -27468.660819904228      
36          -25412.357486192348      
41          -26214.0648613429        
30          -17175.973606443848      
35          -21853.082571964354      
36          -25783.738157943513      
30          -17568.916398179146      
26          -11229.020041665091      
26          -12215.646604659543      
23          -10308.316788595617      
26          -14034.832804555273      
33          -16603.64817600165       
35          -23482.227841402168      
33          -18862.995423091841      
25          -14072.451555175256      
28          -16326.34296585861       
37          -26571.892725956764      
29          -16632.227906990436      
34          -20838.385284807911      
28          -18029.570423527563      
33          -22701.171555652272      
29          -20660.071228806257      
35          -21874.383597847376      
36          -23260.541165249801      
43          -34146.674278381979      
35          -21086.345543417607      
35          -24121.992032621336      
32          -19860.488707464923      
34          -24264.711625923217      
38          -26143.195982292313      
46          -37019.613480480853      
50          -47669.104409240499      
55          -49828.635411655232      
74          -84364.791796110629      
78          -94729.261107017723      
69          -79959.698938947768      
72          -92023.244659046482      
74          -96056.134843396008      
73          -91504.276268732327      
82          -112623.16854146728      
78          -102977.04664715995      
79          -105288.66697841008      
72          -90358.612927046299      
84          -109044.68791135507      
80          -99709.974987984737      
79          -100500.55959505436      
85          -113744.10622286558      
82          -111173.29050913482      
76          -94453.116036066465      
76          -97563.286998041105      
70          -85304.842933487496      
78          -101466.99372262339      
84          -113174.97358137561      
84          -114526.82915561728      
79          -103469.16126052618      
81          -110676.71452335209      
82          -100339.56199228698      
80          -101833.10759777797      
73          -84634.768243123224      
77          -95280.082047809949      
86          -116590.84812623031      
100         -155841.41762237009      
96          -143056.62784036645      
93          -144540.90022242753      
92          -128345.30309952747      
91          -132971.08331608336      
88          -126367.81667977324      
91          -137506.67339124129      
98          -148996.22310875866      
97          -147519.89611018306      
102         -171042.68803539916      
99          -162760.90032544945      
93          -143699.94062553172      
88          -130580.89070792464      
99          -157790.42850513154      
93          -137736.41037894445      
93          -141650.02345180255      
92          -141503.95200465128      
79          -109898.44512817942      
77          -100669.84600605394      
74          -88896.409110214576      
70          -83703.287831840804      
72          -78802.84001935985       
68          -71788.374737960112      
75          -87631.301338512858      
81          -104964.38193011937      
85          -118302.24619209857      
92          -135717.39856690497      
93          -132018.08774821914      
89          -123179.04172042047      
93          -134486.89332187161      
105         -175444.30555712269      
100         -167087.20090186442      
96          -159712.88975509489      
91          -141748.56241958821      
94          -153589.19390387501      
96          -161202.38796144546      
88          -138138.04007510259      
86          -127769.87778249491      
91          -135787.64542554959      
90          -138836.76134194061      
96          -155720.76272898214      
106         -188575.04726601191      
100         -171301.55510540205      
98          -157721.54761419626      
97          -157719.35419487525      
98          -169545.39422573359      
91          -138197.17766254774      
86          -120243.10879981171      
81          -98387.762790472974      
81          -102726.94816434324      
74          -85967.719343276898      
73          -83109.329297281773      
69          -78504.084311486207      
62          -63205.371381971607      
55          -54351.014170719624      
52          -51017.795184510367      
57          -61006.115720165522      
51          -50653.398100902785      
56          -52573.367008083063      
42          -32413.998408875977      
35          -30031.116729298676      
54          -59288.378001256613      
62          -71867.593336120233      
62          -62315.764162208055      
61          -55860.232615488654      
57          -50350.431867088919      
53          -51145.317320124079      
46          -37766.949776422334      
56          -52280.938404363027      
62          -69874.259487942123      
67          -77317.081247516369      
64          -75833.248191917286      
74          -99058.959585330202      
77          -101320.24049669506      
77          -103498.78659853198      
73          -92571.653362985104      
73          -89218.273071856325      
75          -92264.736385248034      
67          -78008.961308404585      
68          -78123.040893071899      
64          -73959.642154080051      
66          -74920.973473110324      
70          -84550.614291131264      
54          -49203.020120227739      
52          -47296.880091020765      
55          -53417.16242516935       
54          -48517.808865309802      
41          -35625.68215906377       
36          -29865.346921062632      
36          -19636.139675164872      
38          -22028.755919619525      
31          -17211.572508980731      
42          -29812.865671111769      
